# gnuplot data for packet timing
# ts	local_ts	difference
1383087274166	1383087273866	300
1383087274176	1383087273875	301
1383087274186	1383087273885	301
1383087274196	1383087273895	301
1383087274206	1383087273906	300
1383087274216	1383087273915	301
1383087274226	1383087273925	301
1383087274236	1383087273936	300
1383087274246	1383087273945	301
1383087274256	1383087273955	301
1383087274266	1383087273965	301
1383087274276	1383087273975	301
1383087274286	1383087273985	301
1383087274296	1383087273995	301
1383087274306	1383087274005	301
1383087274316	1383087274016	300
1383087274326	1383087274025	301
1383087274336	1383087274035	301
1383087274346	1383087274045	301
1383087274356	1383087274055	301
1383087274366	1383087274065	301
1383087274376	1383087274075	301
1383087274386	1383087274085	301
1383087274396	1383087274095	301
1383087274406	1383087274105	301
1383087274416	1383087274115	301
1383087274426	1383087274125	301
1383087274436	1383087274135	301
1383087274446	1383087274145	301
1383087274456	1383087274155	301
1383087274466	1383087274166	300
1383087274476	1383087274175	301
1383087274486	1383087274185	301
1383087274496	1383087274196	300
1383087274506	1383087274205	301
1383087274516	1383087274216	300
1383087274526	1383087274225	301
1383087274536	1383087274235	301
1383087274546	1383087274246	300
1383087274556	1383087274255	301
1383087274566	1383087274265	301
1383087274576	1383087274275	301
1383087274586	1383087274285	301
1383087274596	1383087274295	301
1383087274606	1383087274305	301
1383087274616	1383087274315	301
1383087274626	1383087274325	301
1383087274636	1383087274336	300
1383087274646	1383087274345	301
1383087274656	1383087274355	301
1383087274666	1383087274366	300
1383087274676	1383087274375	301
1383087274686	1383087274385	301
1383087274696	1383087274396	300
1383087274706	1383087274405	301
1383087274716	1383087274416	300
1383087274726	1383087274425	301
1383087274736	1383087274435	301
1383087274746	1383087274446	300
1383087274756	1383087274455	301
1383087274766	1383087274466	300
1383087274776	1383087274475	301
1383087274786	1383087274485	301
1383087274796	1383087274496	300
1383087274806	1383087274505	301
1383087274816	1383087274516	300
1383087274826	1383087274525	301
1383087274836	1383087274535	301
1383087274846	1383087274545	301
1383087274856	1383087274555	301
1383087274866	1383087274566	300
1383087274876	1383087274575	301
1383087274886	1383087274585	301
1383087274896	1383087274595	301
1383087274906	1383087274605	301
1383087274916	1383087274615	301
1383087274926	1383087274626	300
1383087274936	1383087274635	301
1383087274946	1383087274646	300
1383087274956	1383087274655	301
1383087274966	1383087274665	301
1383087274976	1383087274676	300
1383087274986	1383087274685	301
1383087274996	1383087274695	301
1383087275006	1383087274706	300
1383087275016	1383087274715	301
1383087275026	1383087274725	301
1383087275036	1383087274736	300
1383087275046	1383087274745	301
1383087275056	1383087274755	301
1383087275066	1383087274766	300
1383087275076	1383087274775	301
1383087275086	1383087274785	301
1383087275096	1383087274795	301
1383087275106	1383087274805	301
1383087275116	1383087274815	301
1383087275126	1383087274826	300
1383087275136	1383087274835	301
1383087275146	1383087274845	301
1383087275156	1383087274856	300
1383087275166	1383087274865	301
1383087275176	1383087274875	301
1383087275186	1383087274885	301
1383087275196	1383087274895	301
1383087275206	1383087274905	301
1383087275216	1383087274916	300
1383087275226	1383087274925	301
1383087275236	1383087274935	301
1383087275246	1383087274946	300
1383087275256	1383087274955	301
1383087275266	1383087274965	301
1383087275276	1383087274976	300
1383087275286	1383087274985	301
1383087275296	1383087274996	300
1383087275306	1383087275005	301
1383087275316	1383087275015	301
1383087275326	1383087275026	300
1383087275336	1383087275035	301
1383087275346	1383087275045	301
1383087275356	1383087275055	301
1383087275366	1383087275065	301
1383087275376	1383087275075	301
1383087275386	1383087275085	301
1383087275396	1383087275095	301
1383087275406	1383087275105	301
1383087275416	1383087275115	301
1383087275426	1383087275125	301
1383087275436	1383087275135	301
1383087275446	1383087275145	301
1383087275456	1383087275155	301
1383087275466	1383087275165	301
1383087275476	1383087275175	301
1383087275486	1383087275185	301
1383087275496	1383087275195	301
1383087275506	1383087275205	301
1383087275516	1383087275215	301
1383087275526	1383087275225	301
1383087275536	1383087275235	301
1383087275546	1383087275246	300
1383087275556	1383087275265	291
1383087275566	1383087275275	291
1383087275576	1383087275285	291
1383087275586	1383087275295	291
1383087275596	1383087275305	291
1383087275606	1383087275316	290
1383087275616	1383087275326	290
1383087275626	1383087275335	291
1383087275636	1383087275345	291
1383087275646	1383087275355	291
1383087275656	1383087275365	291
1383087275666	1383087275375	291
1383087275676	1383087275385	291
1383087275686	1383087275395	291
1383087275696	1383087275405	291
1383087275706	1383087275415	291
1383087275716	1383087275425	291
1383087275726	1383087275435	291
1383087275736	1383087275445	291
1383087275746	1383087275455	291
1383087275756	1383087275465	291
1383087275766	1383087275475	291
1383087275776	1383087275485	291
1383087275786	1383087275495	291
1383087275796	1383087275505	291
1383087275806	1383087275515	291
1383087275816	1383087275525	291
1383087275826	1383087275535	291
1383087275836	1383087275545	291
1383087275846	1383087275555	291
1383087275856	1383087275565	291
1383087275866	1383087275576	290
1383087275876	1383087275585	291
1383087275886	1383087275595	291
1383087275896	1383087275605	291
1383087275906	1383087275616	290
1383087275916	1383087275625	291
1383087275926	1383087275635	291
1383087275936	1383087275646	290
1383087275946	1383087275655	291
1383087275956	1383087275666	290
1383087275966	1383087275676	290
1383087275976	1383087275685	291
1383087275986	1383087275695	291
1383087275996	1383087275706	290
1383087276006	1383087275715	291
1383087276016	1383087275725	291
1383087276026	1383087275735	291
1383087276036	1383087275746	290
1383087276046	1383087275755	291
1383087276056	1383087275765	291
1383087276066	1383087275776	290
1383087276076	1383087275785	291
1383087276086	1383087275795	291
1383087276096	1383087275805	291
1383087276106	1383087275815	291
1383087276116	1383087275825	291
1383087276126	1383087275836	290
1383087276136	1383087275845	291
1383087276146	1383087275855	291
1383087276156	1383087275865	291
1383087276166	1383087275876	290
1383087276176	1383087275885	291
1383087276186	1383087275895	291
1383087276196	1383087275905	291
1383087276206	1383087275915	291
1383087276216	1383087275925	291
1383087276226	1383087275935	291
1383087276236	1383087275945	291
1383087276246	1383087275956	290
1383087276256	1383087275965	291
1383087276266	1383087275975	291
1383087276276	1383087275985	291
1383087276286	1383087275995	291
1383087276296	1383087276005	291
1383087276306	1383087276015	291
1383087276316	1383087276025	291
1383087276326	1383087276035	291
1383087276336	1383087276045	291
1383087276346	1383087276056	290
1383087276356	1383087276065	291
1383087276366	1383087276075	291
1383087276376	1383087276085	291
1383087276386	1383087276095	291
1383087276396	1383087276106	290
1383087276406	1383087276115	291
1383087276416	1383087276125	291
1383087276426	1383087276135	291
1383087276436	1383087276145	291
1383087276446	1383087276155	291
1383087276456	1383087276165	291
1383087276466	1383087276176	290
1383087276476	1383087276185	291
1383087276486	1383087276195	291
1383087276496	1383087276205	291
1383087276506	1383087276215	291
1383087276516	1383087276226	290
1383087276526	1383087276235	291
1383087276536	1383087276245	291
1383087276546	1383087276255	291
1383087276556	1383087276266	290
1383087276566	1383087276276	290
1383087276576	1383087276285	291
1383087276586	1383087276296	290
1383087276596	1383087276305	291
1383087276606	1383087276315	291
1383087276616	1383087276325	291
1383087276626	1383087276335	291
1383087276636	1383087276345	291
1383087276646	1383087276355	291
1383087276656	1383087276365	291
1383087276666	1383087276375	291
1383087276676	1383087276385	291
1383087276686	1383087276395	291
1383087276696	1383087276406	290
1383087276706	1383087276415	291
1383087276716	1383087276425	291
1383087276726	1383087276436	290
1383087276736	1383087276445	291
1383087276746	1383087276455	291
1383087276756	1383087276465	291
1383087276766	1383087276475	291
1383087276776	1383087276485	291
1383087276786	1383087276495	291
1383087276796	1383087276506	290
1383087276806	1383087276515	291
1383087276816	1383087276525	291
1383087276826	1383087276536	290
1383087276836	1383087276545	291
1383087276846	1383087276555	291
1383087276856	1383087276565	291
1383087276866	1383087276575	291
1383087276876	1383087276586	290
1383087276886	1383087276595	291
1383087276896	1383087276605	291
1383087276906	1383087276615	291
1383087276916	1383087276625	291
1383087276926	1383087276635	291
1383087276936	1383087276645	291
1383087276946	1383087276655	291
1383087276956	1383087276665	291
1383087276966	1383087276675	291
1383087276976	1383087276686	290
1383087276986	1383087276695	291
1383087276996	1383087276705	291
1383087277006	1383087276715	291
1383087277016	1383087276726	290
1383087277026	1383087276735	291
1383087277036	1383087276745	291
1383087277046	1383087276755	291
1383087277056	1383087276765	291
1383087277066	1383087276776	290
1383087277076	1383087276785	291
1383087277086	1383087276795	291
1383087277096	1383087276806	290
1383087277106	1383087276815	291
1383087277116	1383087276825	291
1383087277126	1383087276836	290
1383087277136	1383087276845	291
1383087277146	1383087276855	291
1383087277156	1383087276865	291
1383087277166	1383087276875	291
1383087277176	1383087276885	291
1383087277186	1383087276896	290
1383087277196	1383087276905	291
1383087277206	1383087276915	291
1383087277216	1383087276926	290
1383087277226	1383087276935	291
1383087277236	1383087276945	291
1383087277246	1383087276955	291
1383087277256	1383087276965	291
1383087277266	1383087276976	290
1383087277276	1383087276985	291
1383087277286	1383087276995	291
1383087277296	1383087277006	290
1383087277306	1383087277015	291
1383087277316	1383087277025	291
1383087277326	1383087277035	291
1383087277336	1383087277045	291
1383087277346	1383087277055	291
1383087277356	1383087277065	291
1383087277366	1383087277076	290
1383087277376	1383087277085	291
1383087277386	1383087277095	291
1383087277396	1383087277105	291
1383087277406	1383087277115	291
1383087277416	1383087277125	291
1383087277426	1383087277135	291
1383087277436	1383087277145	291
1383087277446	1383087277155	291
1383087277456	1383087277165	291
1383087277466	1383087277175	291
1383087277476	1383087277185	291
1383087277486	1383087277195	291
1383087277496	1383087277206	290
1383087277506	1383087277215	291
1383087277516	1383087277225	291
1383087277526	1383087277236	290
1383087277536	1383087277245	291
1383087277546	1383087277255	291
1383087277556	1383087277266	290
1383087277566	1383087277275	291
1383087277576	1383087277285	291
1383087277586	1383087277296	290
1383087277596	1383087277305	291
1383087277606	1383087277315	291
1383087277616	1383087277326	290
1383087277626	1383087277335	291
1383087277636	1383087277345	291
1383087277646	1383087277356	290
1383087277656	1383087277365	291
1383087277666	1383087277376	290
1383087277676	1383087277385	291
1383087277686	1383087277395	291
1383087277696	1383087277405	291
1383087277706	1383087277416	290
1383087277716	1383087277425	291
1383087277726	1383087277435	291
1383087277736	1383087277446	290
1383087277746	1383087277455	291
1383087277756	1383087277465	291
1383087277766	1383087277476	290
1383087277776	1383087277485	291
1383087277786	1383087277496	290
1383087277796	1383087277505	291
1383087277806	1383087277515	291
1383087277816	1383087277526	290
1383087277826	1383087277535	291
1383087277836	1383087277545	291
1383087277846	1383087277556	290
1383087277856	1383087277565	291
1383087277866	1383087277575	291
1383087277876	1383087277586	290
1383087277886	1383087277595	291
1383087277896	1383087277606	290
1383087277906	1383087277615	291
1383087277916	1383087277625	291
1383087277926	1383087277635	291
1383087277936	1383087277646	290
1383087277946	1383087277655	291
1383087277956	1383087277665	291
1383087277966	1383087277676	290
1383087277976	1383087277685	291
1383087277986	1383087277695	291
1383087277996	1383087277706	290
1383087278006	1383087277715	291
1383087278016	1383087277725	291
1383087278026	1383087277736	290
1383087278036	1383087277745	291
1383087278046	1383087277755	291
1383087278056	1383087277766	290
1383087278066	1383087277775	291
1383087278076	1383087277785	291
1383087278086	1383087277796	290
1383087278096	1383087277805	291
1383087278106	1383087277815	291
1383087278116	1383087277826	290
1383087278126	1383087277835	291
1383087278136	1383087277845	291
1383087278146	1383087277855	291
1383087278156	1383087277865	291
1383087278166	1383087277876	290
1383087278176	1383087277885	291
1383087278186	1383087277895	291
1383087278196	1383087277906	290
1383087278206	1383087277915	291
1383087278216	1383087277925	291
1383087278226	1383087277935	291
1383087278236	1383087277945	291
1383087278246	1383087277955	291
1383087278256	1383087277965	291
1383087278266	1383087277975	291
1383087278276	1383087277985	291
1383087278286	1383087277995	291
1383087278296	1383087278005	291
1383087278306	1383087278015	291
1383087278316	1383087278025	291
1383087278326	1383087278035	291
1383087278336	1383087278045	291
1383087278346	1383087278055	291
1383087278356	1383087278065	291
1383087278366	1383087278075	291
1383087278376	1383087278086	290
1383087278386	1383087278095	291
1383087278396	1383087278105	291
1383087278406	1383087278115	291
1383087278416	1383087278125	291
1383087278426	1383087278135	291
1383087278436	1383087278145	291
1383087278446	1383087278156	290
1383087278456	1383087278165	291
1383087278466	1383087278175	291
1383087278476	1383087278185	291
1383087278486	1383087278195	291
1383087278496	1383087278205	291
1383087278506	1383087278215	291
1383087278516	1383087278226	290
1383087278526	1383087278235	291
1383087278536	1383087278245	291
1383087278546	1383087278255	291
1383087278556	1383087278265	291
1383087278566	1383087278275	291
1383087278576	1383087278285	291
1383087278586	1383087278295	291
1383087278596	1383087278305	291
1383087278606	1383087278315	291
1383087278616	1383087278325	291
1383087278626	1383087278335	291
1383087278636	1383087278345	291
1383087278646	1383087278355	291
1383087278656	1383087278365	291
1383087278666	1383087278375	291
1383087278676	1383087278385	291
1383087278686	1383087278395	291
1383087278696	1383087278405	291
1383087278706	1383087278415	291
1383087278716	1383087278425	291
1383087278726	1383087278435	291
1383087278736	1383087278445	291
1383087278746	1383087278455	291
1383087278756	1383087278465	291
1383087278766	1383087278475	291
1383087278776	1383087278485	291
1383087278786	1383087278495	291
1383087278796	1383087278505	291
1383087278806	1383087278515	291
1383087278816	1383087278525	291
1383087278826	1383087278535	291
1383087278836	1383087278565	271
1383087278846	1383087278575	271
1383087278856	1383087278585	271
1383087278866	1383087278595	271
1383087278876	1383087278605	271
1383087278886	1383087278615	271
1383087278896	1383087278625	271
1383087278906	1383087278635	271
1383087278916	1383087278645	271
1383087278926	1383087278655	271
1383087278936	1383087278665	271
1383087278946	1383087278675	271
1383087278956	1383087278685	271
1383087278966	1383087278695	271
1383087278976	1383087278705	271
1383087278986	1383087278715	271
1383087278996	1383087278725	271
1383087279006	1383087278735	271
1383087279016	1383087278745	271
1383087279026	1383087278755	271
1383087279036	1383087278765	271
1383087279046	1383087278775	271
1383087279056	1383087278786	270
1383087279066	1383087278795	271
1383087279076	1383087278805	271
1383087279086	1383087278816	270
1383087279096	1383087278825	271
1383087279106	1383087278836	270
1383087279116	1383087278845	271
1383087279126	1383087278855	271
1383087279136	1383087278865	271
1383087279146	1383087278875	271
1383087279156	1383087278885	271
1383087279166	1383087278895	271
1383087279176	1383087278905	271
1383087279186	1383087278915	271
1383087279196	1383087278925	271
1383087279206	1383087278935	271
1383087279216	1383087278945	271
1383087279226	1383087278955	271
1383087279236	1383087278965	271
1383087279246	1383087278975	271
1383087279256	1383087278985	271
1383087279266	1383087278995	271
1383087279276	1383087279005	271
1383087279286	1383087279015	271
1383087279296	1383087279025	271
1383087279306	1383087279035	271
1383087279316	1383087279045	271
1383087279326	1383087279055	271
1383087279336	1383087279065	271
1383087279346	1383087279075	271
1383087279356	1383087279085	271
1383087279366	1383087279095	271
1383087279376	1383087279105	271
1383087279386	1383087279115	271
1383087279396	1383087279125	271
1383087279406	1383087279135	271
1383087279416	1383087279145	271
1383087279426	1383087279155	271
1383087279436	1383087279165	271
1383087279446	1383087279175	271
1383087279456	1383087279185	271
1383087279466	1383087279195	271
1383087279476	1383087279205	271
1383087279486	1383087279215	271
1383087279496	1383087279225	271
1383087279506	1383087279235	271
1383087279516	1383087279245	271
1383087279526	1383087279255	271
1383087279536	1383087279265	271
1383087279546	1383087279275	271
1383087279556	1383087279285	271
1383087279566	1383087279295	271
1383087279576	1383087279305	271
1383087279586	1383087279315	271
1383087279596	1383087279325	271
1383087279606	1383087279335	271
1383087279616	1383087279345	271
1383087279626	1383087279355	271
1383087279636	1383087279365	271
1383087279646	1383087279375	271
1383087279656	1383087279385	271
1383087279666	1383087279395	271
1383087279676	1383087279405	271
1383087279686	1383087279415	271
1383087279696	1383087279425	271
1383087279706	1383087279435	271
1383087279716	1383087279445	271
1383087279726	1383087279455	271
1383087279736	1383087279465	271
1383087279746	1383087279475	271
1383087279756	1383087279485	271
1383087279766	1383087279495	271
1383087279776	1383087279505	271
1383087279786	1383087279515	271
1383087279796	1383087279525	271
1383087279806	1383087279535	271
1383087279816	1383087279545	271
1383087279826	1383087279555	271
1383087279836	1383087279565	271
1383087279846	1383087279575	271
1383087279856	1383087279585	271
1383087279866	1383087279595	271
1383087279876	1383087279605	271
1383087279886	1383087279615	271
1383087279896	1383087279625	271
1383087279906	1383087279635	271
1383087279916	1383087279645	271
1383087279926	1383087279655	271
1383087279936	1383087279665	271
1383087279946	1383087279675	271
1383087279956	1383087279685	271
1383087279966	1383087279695	271
1383087279976	1383087279705	271
1383087279986	1383087279715	271
1383087279996	1383087279725	271
1383087280006	1383087279735	271
1383087280016	1383087279745	271
1383087280026	1383087279755	271
1383087280036	1383087279765	271
1383087280046	1383087279775	271
1383087280056	1383087279785	271
1383087280066	1383087279795	271
1383087280076	1383087279805	271
1383087280086	1383087279815	271
1383087280096	1383087279825	271
1383087280106	1383087279835	271
1383087280116	1383087279845	271
1383087280126	1383087279855	271
1383087280136	1383087279865	271
1383087280146	1383087279875	271
1383087280156	1383087279885	271
1383087280166	1383087279895	271
1383087280176	1383087279905	271
1383087280186	1383087279915	271
1383087280196	1383087279925	271
1383087280206	1383087279935	271
1383087280216	1383087279945	271
1383087280226	1383087279955	271
1383087280236	1383087279965	271
1383087280246	1383087279975	271
1383087280256	1383087279985	271
1383087280266	1383087279995	271
1383087280276	1383087280005	271
1383087280286	1383087280015	271
1383087280296	1383087280025	271
1383087280306	1383087280035	271
1383087280316	1383087280045	271
1383087280326	1383087280055	271
1383087280336	1383087280065	271
1383087280346	1383087280075	271
1383087280356	1383087280085	271
1383087280366	1383087280095	271
1383087280376	1383087280105	271
1383087280386	1383087280115	271
1383087280396	1383087280125	271
1383087280406	1383087280135	271
1383087280416	1383087280145	271
1383087280426	1383087280155	271
1383087280436	1383087280165	271
1383087280446	1383087280175	271
1383087280456	1383087280185	271
1383087280466	1383087280195	271
1383087280476	1383087280205	271
1383087280486	1383087280215	271
1383087280496	1383087280225	271
1383087280506	1383087280235	271
1383087280516	1383087280245	271
1383087280526	1383087280255	271
1383087280536	1383087280265	271
1383087280546	1383087280275	271
1383087280556	1383087280285	271
1383087280566	1383087280295	271
1383087280576	1383087280305	271
1383087280586	1383087280315	271
1383087280596	1383087280325	271
1383087280606	1383087280335	271
1383087280616	1383087280345	271
1383087280626	1383087280355	271
1383087280636	1383087280365	271
1383087280646	1383087280375	271
1383087280656	1383087280385	271
1383087280666	1383087280395	271
1383087280676	1383087280405	271
1383087280686	1383087280415	271
1383087280696	1383087280425	271
1383087280706	1383087280435	271
1383087280716	1383087280445	271
1383087280726	1383087280455	271
1383087280736	1383087280465	271
1383087280746	1383087280475	271
1383087280756	1383087280485	271
1383087280766	1383087280495	271
1383087280776	1383087280505	271
1383087280786	1383087280515	271
1383087280796	1383087280525	271
1383087280806	1383087280535	271
1383087280816	1383087280545	271
1383087280826	1383087280555	271
1383087280836	1383087280565	271
1383087280846	1383087280575	271
1383087280856	1383087280585	271
1383087280866	1383087280595	271
1383087280876	1383087280605	271
1383087280886	1383087280616	270
1383087280896	1383087280625	271
1383087280906	1383087280635	271
1383087280916	1383087280645	271
1383087280926	1383087280655	271
1383087280936	1383087280665	271
1383087280946	1383087280675	271
1383087280956	1383087280685	271
1383087280966	1383087280695	271
1383087280976	1383087280705	271
1383087280986	1383087280715	271
1383087280996	1383087280725	271
1383087281006	1383087280735	271
1383087281016	1383087280745	271
1383087281026	1383087280755	271
1383087281036	1383087280765	271
1383087281046	1383087280775	271
1383087281056	1383087280785	271
1383087281066	1383087280795	271
1383087281076	1383087280805	271
1383087281086	1383087280815	271
1383087281096	1383087280825	271
1383087281106	1383087280835	271
1383087281116	1383087280845	271
1383087281126	1383087280855	271
1383087281136	1383087280865	271
1383087281146	1383087280875	271
1383087281156	1383087280885	271
1383087281166	1383087280895	271
1383087281176	1383087280905	271
1383087281186	1383087280915	271
1383087281196	1383087280925	271
1383087281206	1383087280935	271
1383087281216	1383087280945	271
1383087281226	1383087280955	271
1383087281236	1383087280965	271
1383087281246	1383087280975	271
1383087281256	1383087280985	271
1383087281266	1383087280995	271
1383087281276	1383087281005	271
1383087281286	1383087281015	271
1383087281296	1383087281025	271
1383087281306	1383087281035	271
1383087281316	1383087281045	271
1383087281326	1383087281055	271
1383087281336	1383087281065	271
1383087281346	1383087281075	271
1383087281356	1383087281085	271
1383087281366	1383087281095	271
1383087281376	1383087281105	271
1383087281386	1383087281115	271
1383087281396	1383087281125	271
1383087281406	1383087281135	271
1383087281416	1383087281145	271
1383087281426	1383087281155	271
1383087281436	1383087281165	271
1383087281446	1383087281175	271
1383087281456	1383087281185	271
1383087281466	1383087281195	271
1383087281476	1383087281205	271
1383087281486	1383087281215	271
1383087281496	1383087281225	271
1383087281506	1383087281235	271
1383087281516	1383087281245	271
1383087281526	1383087281255	271
1383087281536	1383087281265	271
1383087281546	1383087281275	271
1383087281556	1383087281285	271
1383087281566	1383087281295	271
1383087281576	1383087281305	271
1383087281586	1383087281315	271
1383087281596	1383087281325	271
1383087281606	1383087281335	271
1383087281616	1383087281346	270
1383087281626	1383087281355	271
1383087281636	1383087281365	271
1383087281646	1383087281375	271
1383087281656	1383087281385	271
1383087281666	1383087281395	271
1383087281676	1383087281405	271
1383087281686	1383087281415	271
1383087281696	1383087281425	271
1383087281706	1383087281435	271
1383087281716	1383087281445	271
1383087281726	1383087281455	271
1383087281736	1383087281465	271
1383087281746	1383087281475	271
1383087281756	1383087281485	271
1383087281766	1383087281495	271
1383087281776	1383087281505	271
1383087281786	1383087281515	271
1383087281796	1383087281525	271
1383087281806	1383087281535	271
1383087281816	1383087281545	271
1383087281826	1383087281555	271
1383087281836	1383087281565	271
1383087281846	1383087281575	271
1383087281856	1383087281585	271
1383087281866	1383087281595	271
1383087281876	1383087281605	271
1383087281886	1383087281615	271
1383087281896	1383087281625	271
1383087281906	1383087281635	271
1383087281916	1383087281645	271
1383087281926	1383087281655	271
1383087281936	1383087281665	271
1383087281946	1383087281675	271
1383087281956	1383087281685	271
1383087281966	1383087281695	271
1383087281976	1383087281705	271
1383087281986	1383087281715	271
1383087281996	1383087281725	271
1383087282006	1383087281735	271
1383087282016	1383087281745	271
1383087282026	1383087281755	271
1383087282036	1383087281765	271
1383087282046	1383087281775	271
1383087282056	1383087281785	271
1383087282066	1383087281795	271
1383087282076	1383087281805	271
1383087282086	1383087281815	271
1383087282096	1383087281825	271
1383087282106	1383087281835	271
1383087282116	1383087281845	271
1383087282126	1383087281855	271
1383087282136	1383087281865	271
1383087282146	1383087281875	271
1383087282156	1383087281885	271
1383087282166	1383087281895	271
1383087282176	1383087281905	271
1383087282186	1383087281915	271
1383087282196	1383087281925	271
1383087282206	1383087281935	271
1383087282216	1383087281945	271
1383087282226	1383087281955	271
1383087282236	1383087281965	271
1383087282246	1383087281975	271
1383087282256	1383087281985	271
1383087282266	1383087281995	271
1383087282276	1383087282005	271
1383087282286	1383087282015	271
1383087282296	1383087282025	271
1383087282306	1383087282035	271
1383087282316	1383087282045	271
1383087282326	1383087282055	271
1383087282336	1383087282065	271
1383087282346	1383087282075	271
1383087282356	1383087282085	271
1383087282366	1383087282095	271
1383087282376	1383087282105	271
1383087282386	1383087282115	271
1383087282396	1383087282125	271
1383087282406	1383087282135	271
1383087282416	1383087282145	271
1383087282426	1383087282155	271
1383087282436	1383087282165	271
1383087282446	1383087282175	271
1383087282456	1383087282185	271
1383087282466	1383087282195	271
1383087282476	1383087282206	270
1383087282486	1383087282215	271
1383087282496	1383087282225	271
1383087282506	1383087282235	271
1383087282516	1383087282245	271
1383087282526	1383087282255	271
1383087282536	1383087282265	271
1383087282546	1383087282275	271
1383087282556	1383087282285	271
1383087282566	1383087282295	271
1383087282576	1383087282305	271
1383087282586	1383087282315	271
1383087282596	1383087282325	271
1383087282606	1383087282335	271
1383087282616	1383087282345	271
1383087282626	1383087282355	271
1383087282636	1383087282365	271
1383087282646	1383087282375	271
1383087282656	1383087282385	271
1383087282666	1383087282395	271
1383087282676	1383087282405	271
1383087282686	1383087282415	271
1383087282696	1383087282425	271
1383087282706	1383087282435	271
1383087282716	1383087282445	271
1383087282726	1383087282455	271
1383087282736	1383087282465	271
1383087282746	1383087282475	271
1383087282756	1383087282485	271
1383087282766	1383087282495	271
1383087282776	1383087282505	271
1383087282786	1383087282515	271
1383087282796	1383087282525	271
1383087282806	1383087282535	271
1383087282816	1383087282545	271
1383087282826	1383087282555	271
1383087282836	1383087282565	271
1383087282846	1383087282575	271
1383087282856	1383087282585	271
1383087282866	1383087282595	271
1383087282876	1383087282605	271
1383087282886	1383087282615	271
1383087282896	1383087282625	271
1383087282906	1383087282635	271
1383087282916	1383087282645	271
1383087282926	1383087282655	271
1383087282936	1383087282665	271
1383087282946	1383087282675	271
1383087282956	1383087282685	271
1383087282966	1383087282695	271
1383087282976	1383087282705	271
1383087282986	1383087282715	271
1383087282996	1383087282725	271
1383087283006	1383087282735	271
1383087283016	1383087282745	271
1383087283026	1383087282755	271
1383087283036	1383087282765	271
1383087283046	1383087282775	271
1383087283056	1383087282785	271
1383087283066	1383087282795	271
1383087283076	1383087282805	271
1383087283086	1383087282815	271
1383087283096	1383087282825	271
1383087283106	1383087282835	271
1383087283116	1383087282846	270
1383087283126	1383087282855	271
1383087283136	1383087282865	271
1383087283146	1383087282875	271
1383087283156	1383087282886	270
1383087283166	1383087282895	271
1383087283176	1383087282906	270
1383087283186	1383087282915	271
1383087283196	1383087282925	271
1383087283206	1383087282935	271
1383087283216	1383087282945	271
1383087283226	1383087282956	270
1383087283236	1383087282965	271
1383087283246	1383087282975	271
1383087283256	1383087282985	271
1383087283266	1383087282995	271
1383087283276	1383087283005	271
1383087283286	1383087283016	270
1383087283296	1383087283025	271
1383087283306	1383087283035	271
1383087283316	1383087283045	271
1383087283326	1383087283055	271
1383087283336	1383087283065	271
1383087283346	1383087283075	271
1383087283356	1383087283085	271
1383087283366	1383087283095	271
1383087283376	1383087283105	271
1383087283386	1383087283115	271
1383087283396	1383087283125	271
1383087283406	1383087283135	271
1383087283416	1383087283145	271
1383087283426	1383087283155	271
1383087283436	1383087283165	271
1383087283446	1383087283175	271
1383087283456	1383087283185	271
1383087283466	1383087283195	271
1383087283476	1383087283205	271
1383087283486	1383087283215	271
1383087283496	1383087283225	271
1383087283506	1383087283235	271
1383087283516	1383087283245	271
1383087283526	1383087283255	271
1383087283536	1383087283265	271
1383087283546	1383087283275	271
1383087283556	1383087283285	271
1383087283566	1383087283295	271
1383087283576	1383087283305	271
1383087283586	1383087283315	271
1383087283596	1383087283325	271
1383087283606	1383087283335	271
1383087283616	1383087283345	271
1383087283626	1383087283355	271
1383087283636	1383087283365	271
1383087283646	1383087283375	271
1383087283656	1383087283385	271
1383087283666	1383087283395	271
1383087283676	1383087283405	271
1383087283686	1383087283415	271
1383087283696	1383087283425	271
1383087283706	1383087283435	271
1383087283716	1383087283445	271
1383087283726	1383087283455	271
1383087283736	1383087283465	271
1383087283746	1383087283475	271
1383087283756	1383087283485	271
1383087283766	1383087283495	271
1383087283776	1383087283505	271
1383087283786	1383087283515	271
1383087283796	1383087283525	271
1383087283806	1383087283535	271
1383087283816	1383087283545	271
1383087283826	1383087283555	271
1383087283836	1383087283565	271
1383087283846	1383087283575	271
1383087283856	1383087283585	271
1383087283866	1383087283595	271
1383087283876	1383087283605	271
1383087283886	1383087283615	271
1383087283896	1383087283625	271
1383087283906	1383087283635	271
1383087283916	1383087283645	271
1383087283926	1383087283655	271
1383087283936	1383087283665	271
1383087283946	1383087283675	271
1383087283956	1383087283685	271
1383087283966	1383087283695	271
1383087283976	1383087283705	271
1383087283986	1383087283715	271
1383087283996	1383087283725	271
1383087284006	1383087283735	271
1383087284016	1383087283745	271
1383087284026	1383087283755	271
1383087284036	1383087283765	271
1383087284046	1383087283775	271
1383087284056	1383087283785	271
1383087284066	1383087283795	271
1383087284076	1383087283805	271
1383087284086	1383087283815	271
1383087284096	1383087283825	271
1383087284106	1383087283835	271
1383087284116	1383087283845	271
1383087284126	1383087283855	271
1383087284136	1383087283865	271
1383087284146	1383087283875	271
1383087284156	1383087283885	271
1383087284166	1383087283895	271
1383087284176	1383087283905	271
1383087284186	1383087283915	271
1383087284196	1383087283925	271
1383087284206	1383087283935	271
1383087284216	1383087283945	271
1383087284226	1383087283955	271
1383087284236	1383087283965	271
1383087284246	1383087283975	271
1383087284256	1383087283985	271
1383087284266	1383087283995	271
1383087284276	1383087284005	271
1383087284286	1383087284015	271
1383087284296	1383087284025	271
1383087284306	1383087284035	271
1383087284316	1383087284045	271
1383087284326	1383087284055	271
1383087284336	1383087284065	271
1383087284346	1383087284075	271
1383087284356	1383087284085	271
1383087284366	1383087284095	271
1383087284376	1383087284105	271
1383087284386	1383087284115	271
1383087284396	1383087284125	271
1383087284406	1383087284135	271
1383087284416	1383087284145	271
1383087284426	1383087284155	271
1383087284436	1383087284165	271
1383087284446	1383087284175	271
1383087284456	1383087284185	271
1383087284466	1383087284195	271
1383087284476	1383087284205	271
1383087284486	1383087284215	271
1383087284496	1383087284225	271
1383087284506	1383087284235	271
1383087284516	1383087284245	271
1383087284526	1383087284255	271
1383087284536	1383087284265	271
1383087284546	1383087284275	271
1383087284556	1383087284285	271
1383087284566	1383087284295	271
1383087284576	1383087284305	271
1383087284586	1383087284315	271
1383087284596	1383087284325	271
1383087284606	1383087284335	271
1383087284616	1383087284345	271
1383087284626	1383087284355	271
1383087284636	1383087284365	271
1383087284646	1383087284375	271
1383087284656	1383087284385	271
1383087284666	1383087284395	271
1383087284676	1383087284405	271
1383087284686	1383087284415	271
1383087284696	1383087284425	271
1383087284706	1383087284435	271
1383087284716	1383087284445	271
1383087284726	1383087284455	271
1383087284736	1383087284465	271
1383087284746	1383087284475	271
1383087284756	1383087284485	271
1383087284766	1383087284495	271
1383087284776	1383087284505	271
1383087284786	1383087284515	271
1383087284796	1383087284525	271
1383087284806	1383087284535	271
1383087284816	1383087284545	271
1383087284826	1383087284555	271
1383087284836	1383087284565	271
1383087284846	1383087284575	271
1383087284856	1383087284585	271
1383087284866	1383087284595	271
1383087284876	1383087284605	271
1383087284886	1383087284615	271
1383087284896	1383087284625	271
1383087284906	1383087284635	271
1383087284916	1383087284645	271
1383087284926	1383087284655	271
1383087284936	1383087284665	271
1383087284946	1383087284675	271
1383087284956	1383087284685	271
1383087284966	1383087284695	271
1383087284976	1383087284705	271
1383087284986	1383087284715	271
1383087284996	1383087284725	271
1383087285006	1383087284735	271
1383087285016	1383087284745	271
1383087285026	1383087284755	271
1383087285036	1383087284765	271
1383087285046	1383087284775	271
1383087285056	1383087284785	271
1383087285066	1383087284795	271
1383087285076	1383087284805	271
1383087285086	1383087284815	271
1383087285096	1383087284825	271
1383087285106	1383087284835	271
1383087285116	1383087284845	271
1383087285126	1383087284855	271
1383087285136	1383087284865	271
1383087285146	1383087284875	271
1383087285156	1383087284885	271
1383087285166	1383087284895	271
1383087285176	1383087284905	271
1383087285186	1383087284915	271
1383087285196	1383087284925	271
1383087285206	1383087284935	271
1383087285216	1383087284945	271
1383087285226	1383087284955	271
1383087285236	1383087284965	271
1383087285246	1383087284975	271
1383087285256	1383087284985	271
1383087285266	1383087284995	271
1383087285276	1383087285005	271
1383087285286	1383087285015	271
1383087285296	1383087285025	271
1383087285306	1383087285035	271
1383087285316	1383087285045	271
1383087285326	1383087285055	271
1383087285336	1383087285065	271
1383087285346	1383087285075	271
1383087285356	1383087285085	271
1383087285366	1383087285095	271
1383087285376	1383087285105	271
1383087285386	1383087285115	271
1383087285396	1383087285125	271
1383087285406	1383087285135	271
1383087285416	1383087285145	271
1383087285426	1383087285155	271
1383087285436	1383087285165	271
1383087285446	1383087285175	271
1383087285456	1383087285185	271
1383087285466	1383087285195	271
1383087285476	1383087285205	271
1383087285486	1383087285215	271
1383087285496	1383087285225	271
1383087285506	1383087285236	270
1383087285516	1383087285245	271
1383087285526	1383087285255	271
1383087285536	1383087285265	271
1383087285546	1383087285275	271
1383087285556	1383087285285	271
1383087285566	1383087285295	271
1383087285576	1383087285305	271
1383087285586	1383087285315	271
1383087285596	1383087285325	271
1383087285606	1383087285335	271
1383087285616	1383087285345	271
1383087285626	1383087285355	271
1383087285636	1383087285365	271
1383087285646	1383087285375	271
1383087285656	1383087285385	271
1383087285666	1383087285395	271
1383087285676	1383087285405	271
1383087285686	1383087285415	271
1383087285696	1383087285425	271
1383087285706	1383087285435	271
1383087285716	1383087285445	271
1383087285726	1383087285455	271
1383087285736	1383087285465	271
1383087285746	1383087285475	271
1383087285756	1383087285486	270
1383087285766	1383087285495	271
1383087285776	1383087285505	271
1383087285786	1383087285515	271
1383087285796	1383087285525	271
1383087285806	1383087285535	271
1383087285816	1383087285545	271
1383087285826	1383087285555	271
1383087285836	1383087285565	271
1383087285846	1383087285575	271
1383087285856	1383087285586	270
1383087285866	1383087285595	271
1383087285876	1383087285605	271
1383087285886	1383087285615	271
1383087285896	1383087285625	271
1383087285906	1383087285635	271
1383087285916	1383087285645	271
1383087285926	1383087285655	271
1383087285936	1383087285665	271
1383087285946	1383087285675	271
1383087285956	1383087285685	271
1383087285966	1383087285695	271
1383087285976	1383087285705	271
1383087285986	1383087285716	270
1383087285996	1383087285725	271
1383087286006	1383087285735	271
1383087286016	1383087285745	271
1383087286026	1383087285755	271
1383087286036	1383087285765	271
1383087286046	1383087285775	271
1383087286056	1383087285785	271
1383087286066	1383087285795	271
1383087286076	1383087285805	271
1383087286086	1383087285815	271
1383087286096	1383087285825	271
1383087286106	1383087285835	271
1383087286116	1383087285845	271
1383087286126	1383087285855	271
1383087286136	1383087285865	271
1383087286146	1383087285875	271
1383087286156	1383087285886	270
1383087286166	1383087285895	271
1383087286176	1383087285905	271
1383087286186	1383087285915	271
1383087286196	1383087285925	271
1383087286206	1383087285935	271
1383087286216	1383087285945	271
1383087286226	1383087285955	271
1383087286236	1383087285965	271
1383087286246	1383087285975	271
1383087286256	1383087285985	271
1383087286266	1383087285995	271
1383087286276	1383087286005	271
1383087286286	1383087286015	271
1383087286296	1383087286025	271
1383087286306	1383087286035	271
1383087286316	1383087286045	271
1383087286326	1383087286055	271
1383087286336	1383087286065	271
1383087286346	1383087286075	271
1383087286356	1383087286085	271
1383087286366	1383087286095	271
1383087286376	1383087286105	271
1383087286386	1383087286115	271
1383087286396	1383087286125	271
1383087286406	1383087286135	271
1383087286416	1383087286145	271
1383087286426	1383087286155	271
1383087286436	1383087286165	271
1383087286446	1383087286175	271
1383087286456	1383087286185	271
1383087286466	1383087286195	271
1383087286476	1383087286205	271
1383087286486	1383087286215	271
1383087286496	1383087286225	271
1383087286506	1383087286235	271
1383087286516	1383087286245	271
1383087286526	1383087286255	271
1383087286536	1383087286265	271
1383087286546	1383087286275	271
1383087286556	1383087286285	271
1383087286566	1383087286295	271
1383087286576	1383087286305	271
1383087286586	1383087286315	271
1383087286596	1383087286325	271
1383087286606	1383087286335	271
1383087286616	1383087286345	271
1383087286626	1383087286355	271
1383087286636	1383087286365	271
1383087286646	1383087286375	271
1383087286656	1383087286385	271
1383087286666	1383087286395	271
1383087286676	1383087286405	271
1383087286686	1383087286415	271
1383087286696	1383087286425	271
1383087286706	1383087286435	271
1383087286716	1383087286445	271
1383087286726	1383087286455	271
1383087286736	1383087286465	271
1383087286746	1383087286475	271
1383087286756	1383087286485	271
1383087286766	1383087286495	271
1383087286776	1383087286505	271
1383087286786	1383087286515	271
1383087286796	1383087286525	271
1383087286806	1383087286535	271
1383087286816	1383087286545	271
1383087286826	1383087286555	271
1383087286836	1383087286565	271
1383087286846	1383087286575	271
1383087286856	1383087286585	271
1383087286866	1383087286595	271
1383087286876	1383087286605	271
1383087286886	1383087286615	271
1383087286896	1383087286625	271
1383087286906	1383087286635	271
1383087286916	1383087286645	271
1383087286926	1383087286655	271
1383087286936	1383087286665	271
1383087286946	1383087286675	271
1383087286956	1383087286685	271
1383087286966	1383087286695	271
1383087286976	1383087286705	271
1383087286986	1383087286715	271
1383087286996	1383087286725	271
1383087287006	1383087286735	271
1383087287016	1383087286745	271
1383087287026	1383087286755	271
1383087287036	1383087286765	271
1383087287046	1383087286775	271
1383087287056	1383087286785	271
1383087287066	1383087286795	271
1383087287076	1383087286805	271
1383087287086	1383087286815	271
1383087287096	1383087286825	271
1383087287106	1383087286835	271
1383087287116	1383087286845	271
1383087287126	1383087286855	271
1383087287136	1383087286865	271
1383087287146	1383087286875	271
1383087287156	1383087286885	271
1383087287166	1383087286895	271
1383087287176	1383087286905	271
1383087287186	1383087286915	271
1383087287196	1383087286925	271
1383087287206	1383087286935	271
1383087287216	1383087286945	271
1383087287226	1383087286955	271
1383087287236	1383087286965	271
1383087287246	1383087286975	271
1383087287256	1383087286985	271
1383087287266	1383087286995	271
1383087287276	1383087287005	271
1383087287286	1383087287015	271
1383087287296	1383087287025	271
1383087287306	1383087287035	271
1383087287316	1383087287045	271
1383087287326	1383087287055	271
1383087287336	1383087287065	271
1383087287346	1383087287075	271
1383087287356	1383087287085	271
1383087287366	1383087287095	271
1383087287376	1383087287105	271
1383087287386	1383087287115	271
1383087287396	1383087287125	271
1383087287406	1383087287135	271
1383087287416	1383087287145	271
1383087287426	1383087287155	271
1383087287436	1383087287165	271
1383087287446	1383087287175	271
1383087287456	1383087287185	271
1383087287466	1383087287195	271
1383087287476	1383087287205	271
1383087287486	1383087287215	271
1383087287496	1383087287225	271
1383087287506	1383087287235	271
1383087287516	1383087287245	271
1383087287526	1383087287255	271
1383087287536	1383087287265	271
1383087287546	1383087287275	271
1383087287556	1383087287285	271
1383087287566	1383087287295	271
1383087287576	1383087287305	271
1383087287586	1383087287315	271
1383087287596	1383087287325	271
1383087287606	1383087287335	271
1383087287616	1383087287345	271
1383087287626	1383087287355	271
1383087287636	1383087287365	271
1383087287646	1383087287375	271
1383087287656	1383087287385	271
1383087287666	1383087287395	271
1383087287676	1383087287405	271
1383087287686	1383087287415	271
1383087287696	1383087287425	271
1383087287706	1383087287435	271
1383087287716	1383087287445	271
1383087287726	1383087287455	271
1383087287736	1383087287465	271
1383087287746	1383087287475	271
1383087287756	1383087287485	271
1383087287766	1383087287495	271
1383087287776	1383087287505	271
1383087287786	1383087287515	271
1383087287796	1383087287525	271
1383087287806	1383087287535	271
1383087287816	1383087287545	271
1383087287826	1383087287556	270
1383087287836	1383087287565	271
1383087287846	1383087287575	271
1383087287856	1383087287585	271
1383087287866	1383087287595	271
1383087287876	1383087287605	271
1383087287886	1383087287615	271
1383087287896	1383087287625	271
1383087287906	1383087287635	271
1383087287916	1383087287645	271
1383087287926	1383087287655	271
1383087287936	1383087287665	271
1383087287946	1383087287675	271
1383087287956	1383087287685	271
1383087287966	1383087287695	271
1383087287976	1383087287705	271
1383087287986	1383087287715	271
1383087287996	1383087287725	271
1383087288006	1383087287735	271
1383087288016	1383087287745	271
1383087288026	1383087287755	271
1383087288036	1383087287765	271
1383087288046	1383087287775	271
1383087288056	1383087287785	271
1383087288066	1383087287795	271
1383087288076	1383087287805	271
1383087288086	1383087287815	271
1383087288096	1383087287825	271
1383087288106	1383087287835	271
1383087288116	1383087287845	271
1383087288126	1383087287855	271
1383087288136	1383087287865	271
1383087288146	1383087287875	271
1383087288156	1383087287885	271
1383087288166	1383087287896	270
1383087288176	1383087287905	271
1383087288186	1383087287915	271
1383087288196	1383087287925	271
1383087288206	1383087287935	271
1383087288216	1383087287945	271
1383087288226	1383087287955	271
1383087288236	1383087287965	271
1383087288246	1383087287975	271
1383087288256	1383087287985	271
1383087288266	1383087287995	271
1383087288276	1383087288005	271
1383087288286	1383087288015	271
1383087288296	1383087288025	271
1383087288306	1383087288035	271
1383087288316	1383087288045	271
1383087288326	1383087288055	271
1383087288336	1383087288065	271
1383087288346	1383087288075	271
1383087288356	1383087288085	271
1383087288366	1383087288095	271
1383087288376	1383087288105	271
1383087288386	1383087288115	271
1383087288396	1383087288125	271
1383087288406	1383087288135	271
1383087288416	1383087288145	271
1383087288426	1383087288155	271
1383087288436	1383087288165	271
1383087288446	1383087288175	271
1383087288456	1383087288185	271
1383087288466	1383087288195	271
1383087288476	1383087288205	271
1383087288486	1383087288215	271
1383087288496	1383087288225	271
1383087288506	1383087288235	271
1383087288516	1383087288245	271
1383087288526	1383087288255	271
1383087288536	1383087288265	271
1383087288546	1383087288275	271
1383087288556	1383087288285	271
1383087288566	1383087288295	271
1383087288576	1383087288305	271
1383087288586	1383087288315	271
1383087288596	1383087288325	271
1383087288606	1383087288335	271
1383087288616	1383087288345	271
1383087288626	1383087288355	271
1383087288636	1383087288365	271
1383087288646	1383087288375	271
1383087288656	1383087288385	271
1383087288666	1383087288395	271
1383087288676	1383087288405	271
1383087288686	1383087288415	271
1383087288696	1383087288425	271
1383087288706	1383087288435	271
1383087288716	1383087288445	271
1383087288726	1383087288455	271
1383087288736	1383087288465	271
1383087288746	1383087288475	271
1383087288756	1383087288485	271
1383087288766	1383087288495	271
1383087288776	1383087288505	271
1383087288786	1383087288515	271
1383087288796	1383087288525	271
1383087288806	1383087288535	271
1383087288816	1383087288545	271
1383087288826	1383087288555	271
1383087288836	1383087288565	271
1383087288846	1383087288575	271
1383087288856	1383087288585	271
1383087288866	1383087288595	271
1383087288876	1383087288605	271
1383087288886	1383087288615	271
1383087288896	1383087288625	271
1383087288906	1383087288635	271
1383087288916	1383087288645	271
1383087288926	1383087288655	271
1383087288936	1383087288665	271
1383087288946	1383087288675	271
1383087288956	1383087288685	271
1383087288966	1383087288695	271
1383087288976	1383087288705	271
1383087288986	1383087288715	271
1383087288996	1383087288725	271
1383087289006	1383087288735	271
1383087289016	1383087288745	271
1383087289026	1383087288755	271
1383087289036	1383087288765	271
1383087289046	1383087288775	271
1383087289056	1383087288785	271
1383087289066	1383087288795	271
1383087289076	1383087288805	271
1383087289086	1383087288815	271
1383087289096	1383087288825	271
1383087289106	1383087288835	271
1383087289116	1383087288845	271
1383087289126	1383087288855	271
1383087289136	1383087288865	271
1383087289146	1383087288875	271
1383087289156	1383087288885	271
1383087289166	1383087288895	271
1383087289176	1383087288905	271
1383087289186	1383087288915	271
1383087289196	1383087288925	271
1383087289206	1383087288935	271
1383087289216	1383087288945	271
1383087289226	1383087288955	271
1383087289236	1383087288965	271
1383087289246	1383087288975	271
1383087289256	1383087288985	271
1383087289266	1383087288995	271
1383087289276	1383087289005	271
1383087289286	1383087289015	271
1383087289296	1383087289025	271
1383087289306	1383087289035	271
1383087289316	1383087289045	271
1383087289326	1383087289055	271
1383087289336	1383087289065	271
1383087289346	1383087289075	271
1383087289356	1383087289085	271
1383087289366	1383087289095	271
1383087289376	1383087289105	271
1383087289386	1383087289115	271
1383087289396	1383087289125	271
1383087289406	1383087289135	271
1383087289416	1383087289145	271
1383087289426	1383087289155	271
1383087289436	1383087289165	271
1383087289446	1383087289175	271
1383087289456	1383087289185	271
1383087289466	1383087289195	271
1383087289476	1383087289205	271
1383087289486	1383087289215	271
1383087289496	1383087289225	271
1383087289506	1383087289235	271
1383087289516	1383087289245	271
1383087289526	1383087289255	271
1383087289536	1383087289265	271
1383087289546	1383087289275	271
1383087289556	1383087289285	271
1383087289566	1383087289295	271
1383087289576	1383087289305	271
1383087289586	1383087289315	271
1383087289596	1383087289325	271
1383087289606	1383087289335	271
1383087289616	1383087289345	271
1383087289626	1383087289355	271
1383087289636	1383087289365	271
1383087289646	1383087289375	271
1383087289656	1383087289385	271
1383087289666	1383087289395	271
1383087289676	1383087289405	271
1383087289686	1383087289415	271
1383087289696	1383087289425	271
1383087289706	1383087289435	271
1383087289716	1383087289445	271
1383087289726	1383087289455	271
1383087289736	1383087289465	271
1383087289746	1383087289475	271
1383087289756	1383087289485	271
1383087289766	1383087289495	271
1383087289776	1383087289505	271
1383087289786	1383087289515	271
1383087289796	1383087289525	271
1383087289806	1383087289535	271
1383087289816	1383087289545	271
1383087289826	1383087289555	271
1383087289836	1383087289565	271
1383087289846	1383087289575	271
1383087289856	1383087289585	271
1383087289866	1383087289595	271
1383087289876	1383087289605	271
1383087289886	1383087289615	271
1383087289896	1383087289625	271
1383087289906	1383087289635	271
1383087289916	1383087289645	271
1383087289926	1383087289655	271
1383087289936	1383087289665	271
1383087289946	1383087289675	271
1383087289956	1383087289685	271
1383087289966	1383087289695	271
1383087289976	1383087289705	271
1383087289986	1383087289715	271
1383087289996	1383087289725	271
1383087290006	1383087289735	271
1383087290016	1383087289745	271
1383087290026	1383087289755	271
1383087290036	1383087289765	271
1383087290046	1383087289775	271
1383087290056	1383087289785	271
1383087290066	1383087289795	271
1383087290076	1383087289805	271
1383087290086	1383087289815	271
1383087290096	1383087289825	271
1383087290106	1383087289835	271
1383087290116	1383087289845	271
1383087290126	1383087289855	271
1383087290136	1383087289865	271
1383087290146	1383087289875	271
1383087290156	1383087289885	271
1383087290166	1383087289895	271
1383087290176	1383087289905	271
1383087290186	1383087289915	271
1383087290196	1383087289925	271
1383087290206	1383087289935	271
1383087290216	1383087289945	271
1383087290226	1383087289955	271
1383087290236	1383087289965	271
1383087290246	1383087289975	271
1383087290256	1383087289985	271
1383087290266	1383087289995	271
1383087290276	1383087290005	271
1383087290286	1383087290015	271
1383087290296	1383087290025	271
1383087290306	1383087290035	271
1383087290316	1383087290045	271
1383087290326	1383087290055	271
1383087290336	1383087290065	271
1383087290346	1383087290075	271
1383087290356	1383087290085	271
1383087290366	1383087290095	271
1383087290376	1383087290105	271
1383087290386	1383087290115	271
1383087290396	1383087290125	271
1383087290406	1383087290135	271
1383087290416	1383087290145	271
1383087290426	1383087290155	271
1383087290436	1383087290165	271
1383087290446	1383087290175	271
1383087290456	1383087290185	271
1383087290466	1383087290195	271
1383087290476	1383087290205	271
1383087290486	1383087290215	271
1383087290496	1383087290225	271
1383087290506	1383087290235	271
1383087290516	1383087290245	271
1383087290526	1383087290255	271
1383087290536	1383087290265	271
1383087290546	1383087290275	271
1383087290556	1383087290285	271
1383087290566	1383087290295	271
1383087290576	1383087290305	271
1383087290586	1383087290315	271
1383087290596	1383087290325	271
1383087290606	1383087290335	271
1383087290616	1383087290345	271
1383087290626	1383087290355	271
1383087290636	1383087290365	271
1383087290646	1383087290375	271
1383087290656	1383087290385	271
1383087290666	1383087290396	270
1383087290676	1383087290405	271
1383087290686	1383087290415	271
1383087290696	1383087290425	271
1383087290706	1383087290435	271
1383087290716	1383087290445	271
1383087290726	1383087290455	271
1383087290736	1383087290465	271
1383087290746	1383087290475	271
1383087290756	1383087290485	271
1383087290766	1383087290495	271
1383087290776	1383087290505	271
1383087290786	1383087290515	271
1383087290796	1383087290525	271
1383087290806	1383087290535	271
1383087290816	1383087290545	271
1383087290826	1383087290555	271
1383087290836	1383087290564	272
1383087290846	1383087290574	272
1383087290856	1383087290585	271
1383087290866	1383087290595	271
1383087290876	1383087290605	271
1383087290886	1383087290615	271
1383087290896	1383087290624	272
1383087290906	1383087290635	271
1383087290916	1383087290645	271
1383087290926	1383087290655	271
1383087290936	1383087290664	272
1383087290946	1383087290675	271
1383087290956	1383087290685	271
1383087290966	1383087290694	272
1383087290976	1383087290704	272
1383087290986	1383087290715	271
1383087290996	1383087290724	272
1383087291006	1383087290735	271
1383087291016	1383087290745	271
1383087291026	1383087290755	271
1383087291036	1383087290765	271
1383087291046	1383087290775	271
1383087291056	1383087290784	272
1383087291066	1383087290795	271
1383087291076	1383087290805	271
1383087291086	1383087290815	271
1383087291096	1383087290825	271
1383087291106	1383087290835	271
1383087291116	1383087290845	271
1383087291126	1383087290854	272
1383087291136	1383087290865	271
1383087291146	1383087290875	271
1383087291156	1383087290885	271
1383087291166	1383087290895	271
1383087291176	1383087290905	271
1383087291186	1383087290915	271
1383087291196	1383087290925	271
1383087291206	1383087290935	271
1383087291216	1383087290944	272
1383087291226	1383087290955	271
1383087291236	1383087290965	271
1383087291246	1383087290975	271
1383087291256	1383087290984	272
1383087291266	1383087290994	272
1383087291276	1383087291005	271
1383087291286	1383087291015	271
1383087291296	1383087291025	271
1383087291306	1383087291035	271
1383087291316	1383087291045	271
1383087291326	1383087291055	271
1383087291336	1383087291065	271
1383087291346	1383087291074	272
1383087291356	1383087291085	271
1383087291366	1383087291094	272
1383087291376	1383087291105	271
1383087291386	1383087291115	271
1383087291396	1383087291125	271
1383087291406	1383087291135	271
1383087291416	1383087291145	271
1383087291426	1383087291155	271
1383087291436	1383087291555	119
1383087291446	1383087291565	119
1383087291456	1383087291575	119
1383087291466	1383087291585	119
1383087291476	1383087291595	119
1383087291486	1383087291605	119
1383087291496	1383087291615	119
1383087291506	1383087291625	119
1383087291516	1383087291635	119
1383087291526	1383087291645	119
1383087291536	1383087291655	119
1383087291546	1383087291665	119
1383087291556	1383087291675	119
1383087291566	1383087291685	119
1383087291576	1383087291695	119
1383087291586	1383087291705	119
1383087291596	1383087291715	119
1383087291606	1383087291725	119
1383087291616	1383087291735	119
1383087291626	1383087291745	119
1383087291636	1383087291755	119
1383087291646	1383087291765	119
1383087291656	1383087291775	119
1383087291666	1383087291785	119
1383087291676	1383087291795	119
1383087291686	1383087291805	119
1383087291696	1383087291815	119
1383087291706	1383087291825	119
1383087291716	1383087291835	119
1383087291726	1383087291845	119
1383087291736	1383087291855	119
1383087291746	1383087291865	119
1383087291756	1383087291875	119
1383087291766	1383087291885	119
1383087291776	1383087291895	119
1383087291786	1383087291905	119
1383087291796	1383087291915	119
1383087291806	1383087291925	119
1383087291816	1383087291935	119
1383087291826	1383087291945	119
1383087291836	1383087291955	119
1383087291846	1383087291965	119
1383087291856	1383087291975	119
1383087291866	1383087291985	119
1383087291876	1383087291995	119
1383087291886	1383087292005	119
1383087291896	1383087292015	119
1383087291906	1383087292025	119
1383087291916	1383087292035	119
1383087291926	1383087292045	119
1383087291936	1383087292055	119
1383087291946	1383087292065	119
1383087291956	1383087292075	119
1383087291966	1383087292085	119
1383087291976	1383087292095	119
1383087291986	1383087292105	119
1383087291996	1383087292115	119
1383087292006	1383087292125	119
1383087292016	1383087292135	119
1383087292026	1383087292145	119
1383087292036	1383087292155	119
1383087292046	1383087292165	119
1383087292056	1383087292175	119
1383087292066	1383087292185	119
1383087292076	1383087292195	119
1383087292086	1383087292205	119
1383087292096	1383087292215	119
1383087292106	1383087292225	119
1383087292116	1383087292235	119
1383087292126	1383087292245	119
1383087292136	1383087292255	119
1383087292146	1383087292265	119
1383087292156	1383087292275	119
1383087292166	1383087292285	119
1383087292176	1383087292295	119
1383087292186	1383087292305	119
1383087292196	1383087292315	119
1383087292206	1383087292325	119
1383087292216	1383087292335	119
1383087292226	1383087292345	119
1383087292236	1383087292355	119
1383087292246	1383087292365	119
1383087292256	1383087292375	119
1383087292266	1383087292385	119
1383087292276	1383087292395	119
1383087292286	1383087292405	119
1383087292296	1383087292415	119
1383087292306	1383087292425	119
1383087292316	1383087292435	119
1383087292326	1383087292445	119
1383087292336	1383087292455	119
1383087292346	1383087292465	119
1383087292356	1383087292475	119
1383087292366	1383087292485	119
1383087292376	1383087292495	119
1383087292386	1383087292505	119
1383087292396	1383087292515	119
1383087292406	1383087292525	119
1383087292416	1383087292535	119
1383087292426	1383087292545	119
1383087292436	1383087292555	119
1383087292446	1383087292565	119
1383087292456	1383087292575	119
1383087292466	1383087292585	119
1383087292476	1383087292595	119
1383087292486	1383087292605	119
1383087292496	1383087292615	119
1383087292506	1383087292625	119
1383087292516	1383087292635	119
1383087292526	1383087292645	119
1383087292536	1383087292655	119
1383087292546	1383087292665	119
1383087292556	1383087292675	119
1383087292566	1383087292685	119
1383087292576	1383087292695	119
1383087292586	1383087292705	119
1383087292596	1383087292715	119
1383087292606	1383087292725	119
1383087292616	1383087292735	119
1383087292626	1383087292745	119
1383087292636	1383087292755	119
1383087292646	1383087292765	119
1383087292656	1383087292775	119
1383087292666	1383087292785	119
1383087292676	1383087292795	119
1383087292686	1383087292805	119
1383087292696	1383087292815	119
1383087292706	1383087292825	119
1383087292716	1383087292835	119
1383087292726	1383087292845	119
1383087292736	1383087292855	119
1383087292746	1383087292865	119
1383087292756	1383087292875	119
1383087292766	1383087292885	119
1383087292776	1383087292895	119
1383087292786	1383087292905	119
1383087292796	1383087292915	119
1383087292806	1383087292925	119
1383087292816	1383087292935	119
1383087292826	1383087292945	119
1383087292836	1383087292955	119
1383087292846	1383087292965	119
1383087292856	1383087292975	119
1383087292866	1383087292985	119
1383087292876	1383087292995	119
1383087292886	1383087293005	119
1383087292896	1383087293015	119
1383087292906	1383087293025	119
1383087292916	1383087293035	119
1383087292926	1383087293045	119
1383087292936	1383087293055	119
1383087292946	1383087293065	119
1383087292956	1383087293075	119
1383087292966	1383087293085	119
1383087292976	1383087293095	119
1383087292986	1383087293105	119
1383087292996	1383087293115	119
1383087293006	1383087293125	119
1383087293016	1383087293135	119
1383087293026	1383087293145	119
1383087293036	1383087293155	119
1383087293046	1383087293165	119
1383087293056	1383087293175	119
1383087293066	1383087293185	119
1383087293076	1383087293195	119
1383087293086	1383087293205	119
1383087293096	1383087293215	119
1383087293106	1383087293225	119
1383087293116	1383087293235	119
1383087293126	1383087293245	119
1383087293136	1383087293255	119
1383087293146	1383087293265	119
1383087293156	1383087293275	119
1383087293166	1383087293285	119
1383087293176	1383087293295	119
1383087293186	1383087293305	119
1383087293196	1383087293315	119
1383087293206	1383087293325	119
1383087293216	1383087293335	119
1383087293226	1383087293345	119
1383087293236	1383087293355	119
1383087293246	1383087293365	119
1383087293256	1383087293375	119
1383087293266	1383087293385	119
1383087293276	1383087293395	119
1383087293286	1383087293405	119
1383087293296	1383087293415	119
1383087293306	1383087293425	119
1383087293316	1383087293435	119
1383087293326	1383087293445	119
1383087293336	1383087293455	119
1383087293346	1383087293465	119
1383087293356	1383087293475	119
1383087293366	1383087293485	119
1383087293376	1383087293495	119
1383087293386	1383087293505	119
1383087293396	1383087293515	119
1383087293406	1383087293525	119
1383087293416	1383087293535	119
1383087293426	1383087293545	119
1383087293436	1383087293555	119
1383087293446	1383087293565	119
1383087293456	1383087293575	119
1383087293466	1383087293585	119
1383087293476	1383087293595	119
1383087293486	1383087293605	119
1383087293496	1383087293615	119
1383087293506	1383087293625	119
1383087293516	1383087293635	119
1383087293526	1383087293645	119
1383087293536	1383087293655	119
1383087293546	1383087293665	119
1383087293556	1383087293675	119
1383087293566	1383087293685	119
1383087293576	1383087293695	119
1383087293586	1383087293705	119
1383087293596	1383087293715	119
1383087293606	1383087293725	119
1383087293616	1383087293735	119
1383087293626	1383087293745	119
1383087293636	1383087293755	119
1383087293646	1383087293765	119
1383087293656	1383087293775	119
1383087293666	1383087293785	119
1383087293676	1383087293795	119
1383087293686	1383087293805	119
1383087293696	1383087293815	119
1383087293706	1383087293825	119
1383087293716	1383087293835	119
1383087293726	1383087293845	119
1383087293736	1383087293855	119
1383087293746	1383087293865	119
1383087293756	1383087293875	119
1383087293766	1383087293885	119
1383087293776	1383087293895	119
1383087293786	1383087293905	119
1383087293796	1383087293915	119
1383087293806	1383087293925	119
1383087293816	1383087293935	119
1383087293826	1383087293945	119
1383087293836	1383087293955	119
1383087293846	1383087293965	119
1383087293856	1383087293975	119
1383087293866	1383087293985	119
1383087293876	1383087293995	119
1383087293886	1383087294005	119
1383087293896	1383087294015	119
1383087293906	1383087294025	119
1383087293916	1383087294035	119
1383087293926	1383087294045	119
1383087293936	1383087294055	119
1383087293946	1383087294065	119
1383087293956	1383087294075	119
1383087293966	1383087294085	119
1383087293976	1383087294095	119
1383087293986	1383087294105	119
1383087293996	1383087294115	119
1383087294006	1383087294125	119
1383087294016	1383087294135	119
1383087294026	1383087294145	119
1383087294036	1383087294155	119
1383087294046	1383087294165	119
1383087294056	1383087294174	118
1383087294066	1383087294184	118
1383087294076	1383087294195	119
1383087294086	1383087294204	118
1383087294096	1383087294214	118
1383087294106	1383087294225	119
1383087294116	1383087294234	118
1383087294126	1383087294244	118
1383087294136	1383087294255	119
1383087294146	1383087294264	118
1383087294156	1383087294274	118
1383087294166	1383087294285	119
1383087294176	1383087294295	119
1383087294186	1383087294305	119
1383087294196	1383087294315	119
1383087294206	1383087294325	119
1383087294216	1383087294335	119
1383087294226	1383087294345	119
1383087294236	1383087294355	119
1383087294246	1383087294365	119
1383087294256	1383087294375	119
1383087294266	1383087294385	119
1383087294276	1383087294395	119
1383087294286	1383087294405	119
1383087294296	1383087294415	119
1383087294306	1383087294425	119
1383087294316	1383087294435	119
1383087294326	1383087294445	119
1383087294336	1383087294455	119
1383087294346	1383087294465	119
1383087294356	1383087294475	119
1383087294366	1383087294485	119
1383087294376	1383087294495	119
1383087294386	1383087294505	119
1383087294396	1383087294515	119
1383087294406	1383087294525	119
1383087294416	1383087294535	119
1383087294426	1383087294545	119
1383087294436	1383087294555	119
1383087294446	1383087294565	119
1383087294456	1383087294575	119
1383087294466	1383087294585	119
1383087294476	1383087294595	119
1383087294486	1383087294605	119
1383087294496	1383087294615	119
1383087294506	1383087294625	119
1383087294516	1383087294635	119
1383087294526	1383087294644	118
1383087294536	1383087294655	119
1383087294546	1383087294665	119
1383087294556	1383087294674	118
1383087294566	1383087294684	118
1383087294576	1383087294695	119
1383087294586	1383087294704	118
1383087294596	1383087294714	118
1383087294606	1383087294725	119
1383087294616	1383087294734	118
1383087294626	1383087294744	118
1383087294636	1383087294754	118
1383087294646	1383087294765	119
1383087294656	1383087294775	119
1383087294666	1383087294785	119
1383087294676	1383087294795	119
1383087294686	1383087294805	119
1383087294696	1383087294815	119
1383087294706	1383087294825	119
1383087294716	1383087294835	119
1383087294726	1383087294845	119
1383087294736	1383087294855	119
1383087294746	1383087294865	119
1383087294756	1383087294875	119
1383087294766	1383087294885	119
1383087294776	1383087294894	118
1383087294786	1383087294905	119
1383087294796	1383087294915	119
1383087294806	1383087294925	119
1383087294816	1383087294935	119
1383087294826	1383087294945	119
1383087294836	1383087294955	119
1383087294846	1383087294964	118
1383087294856	1383087294974	118
1383087294866	1383087294985	119
1383087294876	1383087294995	119
1383087294886	1383087295005	119
1383087294896	1383087295015	119
1383087294906	1383087295024	118
1383087294916	1383087295034	118
1383087294926	1383087295045	119
1383087294936	1383087295055	119
1383087294946	1383087295065	119
1383087294956	1383087295075	119
1383087294966	1383087295084	118
1383087294976	1383087295095	119
1383087294986	1383087295104	118
1383087294996	1383087295115	119
1383087295006	1383087295125	119
1383087295016	1383087295135	119
1383087295026	1383087295145	119
1383087295036	1383087295155	119
1383087295046	1383087295165	119
1383087295056	1383087295175	119
1383087295066	1383087295185	119
1383087295076	1383087295195	119
1383087295086	1383087295205	119
1383087295096	1383087295215	119
1383087295106	1383087295225	119
1383087295116	1383087295235	119
1383087295126	1383087295245	119
1383087295136	1383087295255	119
1383087295146	1383087295265	119
1383087295156	1383087295274	118
1383087295166	1383087295285	119
1383087295176	1383087295295	119
1383087295186	1383087295305	119
1383087295196	1383087295315	119
1383087295206	1383087295325	119
1383087295216	1383087295334	118
1383087295226	1383087295345	119
1383087295236	1383087295355	119
1383087295246	1383087295365	119
1383087295256	1383087295374	118
1383087295266	1383087295384	118
1383087295276	1383087295395	119
1383087295286	1383087295404	118
1383087295296	1383087295414	118
1383087295306	1383087295425	119
1383087295316	1383087295434	118
1383087295326	1383087295444	118
1383087295336	1383087295455	119
1383087295346	1383087295464	118
1383087295356	1383087295474	118
1383087295366	1383087295484	118
1383087295376	1383087295495	119
1383087295386	1383087295504	118
1383087295396	1383087295515	119
1383087295406	1383087295524	118
1383087295416	1383087295534	118
1383087295426	1383087295544	118
1383087295436	1383087295555	119
1383087295446	1383087295564	118
1383087295456	1383087295574	118
1383087295466	1383087295585	119
1383087295476	1383087295594	118
1383087295486	1383087295604	118
1383087295496	1383087295615	119
1383087295506	1383087295624	118
1383087295516	1383087295634	118
1383087295526	1383087295644	118
1383087295536	1383087295654	118
1383087295546	1383087295664	118
1383087295556	1383087295674	118
1383087295566	1383087295684	118
1383087295576	1383087295695	119
1383087295586	1383087295704	118
1383087295596	1383087295714	118
1383087295606	1383087295725	119
1383087295616	1383087295735	119
1383087295626	1383087295744	118
1383087295636	1383087295754	118
1383087295646	1383087295764	118
1383087295656	1383087295774	118
1383087295666	1383087295784	118
1383087295676	1383087295795	119
1383087295686	1383087295804	118
1383087295696	1383087295814	118
1383087295706	1383087295824	118
1383087295716	1383087295834	118
1383087295726	1383087295844	118
1383087295736	1383087295855	119
1383087295746	1383087295865	119
1383087295756	1383087295874	118
1383087295766	1383087295884	118
1383087295776	1383087295895	119
1383087295786	1383087295904	118
1383087295796	1383087295914	118
1383087295806	1383087295924	118
1383087295816	1383087295935	119
1383087295826	1383087295944	118
1383087295836	1383087295954	118
1383087295846	1383087295965	119
1383087295856	1383087295974	118
1383087295866	1383087295984	118
1383087295876	1383087295995	119
1383087295886	1383087296004	118
1383087295896	1383087296014	118
1383087295906	1383087296025	119
1383087295916	1383087296034	118
1383087295926	1383087296044	118
1383087295936	1383087296054	118
1383087295946	1383087296064	118
1383087295956	1383087296074	118
1383087295966	1383087296084	118
1383087295976	1383087296095	119
1383087295986	1383087296104	118
1383087295996	1383087296114	118
1383087296006	1383087296125	119
1383087296016	1383087296135	119
1383087296026	1383087296145	119
1383087296036	1383087296154	118
1383087296046	1383087296165	119
1383087296056	1383087296174	118
1383087296066	1383087296184	118
1383087296076	1383087296195	119
1383087296086	1383087296204	118
1383087296096	1383087296214	118
1383087296106	1383087296224	118
1383087296116	1383087296234	118
1383087296126	1383087296245	119
1383087296136	1383087296254	118
1383087296146	1383087296264	118
1383087296156	1383087296275	119
1383087296166	1383087296284	118
1383087296176	1383087296294	118
1383087296186	1383087296305	119
1383087296196	1383087296315	119
1383087296206	1383087296325	119
1383087296216	1383087296335	119
1383087296226	1383087296345	119
1383087296236	1383087296355	119
1383087296246	1383087296365	119
1383087296256	1383087296375	119
1383087296266	1383087296385	119
1383087296276	1383087296395	119
1383087296286	1383087296405	119
1383087296296	1383087296415	119
1383087296306	1383087296425	119
1383087296316	1383087296435	119
1383087296326	1383087296445	119
1383087296336	1383087296455	119
1383087296346	1383087296465	119
1383087296356	1383087296475	119
1383087296366	1383087296485	119
1383087296376	1383087296495	119
1383087296386	1383087296505	119
1383087296396	1383087296515	119
1383087296406	1383087296525	119
1383087296416	1383087296535	119
1383087296426	1383087296545	119
1383087296436	1383087296555	119
1383087296446	1383087296565	119
1383087296456	1383087296575	119
1383087296466	1383087296585	119
1383087296476	1383087296595	119
