# gnuplot data for packet timing
# ts	local_ts	difference
1383087273864	1383087274187	323
1383087273874	1383087274197	323
1383087273884	1383087274207	323
1383087273894	1383087274217	323
1383087273904	1383087274227	323
1383087273914	1383087274237	323
1383087273924	1383087274247	323
1383087273934	1383087274257	323
1383087273944	1383087274267	323
1383087273954	1383087274277	323
1383087273964	1383087274287	323
1383087273974	1383087274297	323
1383087273984	1383087274307	323
1383087273994	1383087274317	323
1383087274004	1383087274327	323
1383087274014	1383087274337	323
1383087274024	1383087274347	323
1383087274034	1383087274357	323
1383087274044	1383087274367	323
1383087274054	1383087274377	323
1383087274064	1383087274387	323
1383087274074	1383087274397	323
1383087274084	1383087274407	323
1383087274094	1383087274417	323
1383087274104	1383087274427	323
1383087274114	1383087274437	323
1383087274124	1383087274447	323
1383087274134	1383087274457	323
1383087274144	1383087274467	323
1383087274154	1383087274477	323
1383087274164	1383087274487	323
1383087274174	1383087274497	323
1383087274184	1383087274507	323
1383087274194	1383087274517	323
1383087274204	1383087274527	323
1383087274214	1383087274537	323
1383087274224	1383087274547	323
1383087274234	1383087274557	323
1383087274244	1383087274567	323
1383087274254	1383087274577	323
1383087274264	1383087274586	322
1383087274274	1383087274597	323
1383087274284	1383087274607	323
1383087274294	1383087274617	323
1383087274304	1383087274627	323
1383087274314	1383087274637	323
1383087274324	1383087274647	323
1383087274334	1383087274657	323
1383087274344	1383087274667	323
1383087274354	1383087274677	323
1383087274364	1383087274687	323
1383087274374	1383087274697	323
1383087274384	1383087274707	323
1383087274394	1383087274717	323
1383087274404	1383087274727	323
1383087274414	1383087274737	323
1383087274424	1383087274747	323
1383087274434	1383087274757	323
1383087274444	1383087274767	323
1383087274454	1383087274777	323
1383087274464	1383087274787	323
1383087274474	1383087274797	323
1383087274484	1383087274807	323
1383087274495	1383087274817	322
1383087274504	1383087274827	323
1383087274514	1383087274837	323
1383087274524	1383087274847	323
1383087274534	1383087274857	323
1383087274544	1383087274867	323
1383087274554	1383087274877	323
1383087274564	1383087274887	323
1383087274574	1383087274897	323
1383087274584	1383087274907	323
1383087274594	1383087274917	323
1383087274604	1383087274927	323
1383087274614	1383087274937	323
1383087274624	1383087274947	323
1383087274634	1383087274957	323
1383087274645	1383087274967	322
1383087274654	1383087274977	323
1383087274664	1383087274987	323
1383087274674	1383087274997	323
1383087274684	1383087275007	323
1383087274694	1383087275017	323
1383087274704	1383087275027	323
1383087274714	1383087275037	323
1383087274724	1383087275047	323
1383087274734	1383087275057	323
1383087274744	1383087275067	323
1383087274754	1383087275077	323
1383087274764	1383087275087	323
1383087274774	1383087275097	323
1383087274784	1383087275107	323
1383087274794	1383087275117	323
1383087274804	1383087275127	323
1383087274814	1383087275137	323
1383087274824	1383087275147	323
1383087274834	1383087275157	323
1383087274844	1383087275167	323
1383087274854	1383087275177	323
1383087274864	1383087275187	323
1383087274874	1383087275197	323
1383087274884	1383087275207	323
1383087274894	1383087275217	323
1383087274904	1383087275227	323
1383087274914	1383087275237	323
1383087274924	1383087275247	323
1383087274934	1383087275257	323
1383087274944	1383087275267	323
1383087274954	1383087275277	323
1383087274964	1383087275287	323
1383087274974	1383087275297	323
1383087274984	1383087275307	323
1383087274994	1383087275317	323
1383087275004	1383087275327	323
1383087275014	1383087275337	323
1383087275024	1383087275357	333
1383087275034	1383087275367	333
1383087275044	1383087275377	333
1383087275054	1383087275387	333
1383087275064	1383087275397	333
1383087275074	1383087275407	333
1383087275084	1383087275417	333
1383087275094	1383087275427	333
1383087275104	1383087275437	333
1383087275114	1383087275447	333
1383087275124	1383087275457	333
1383087275134	1383087275467	333
1383087275144	1383087275477	333
1383087275154	1383087275487	333
1383087275164	1383087275497	333
1383087275174	1383087275507	333
1383087275184	1383087275517	333
1383087275194	1383087275527	333
1383087275204	1383087275537	333
1383087275214	1383087275547	333
1383087275224	1383087275557	333
1383087275234	1383087275567	333
1383087275244	1383087275577	333
1383087275254	1383087275587	333
1383087275264	1383087275597	333
1383087275274	1383087275607	333
1383087275284	1383087275617	333
1383087275294	1383087275627	333
1383087275304	1383087275647	343
1383087275315	1383087275657	342
1383087275324	1383087275667	343
1383087275334	1383087275677	343
1383087275344	1383087275687	343
1383087275354	1383087275697	343
1383087275364	1383087275707	343
1383087275374	1383087275717	343
1383087275384	1383087275727	343
1383087275394	1383087275737	343
1383087275404	1383087275747	343
1383087275414	1383087275757	343
1383087275424	1383087275767	343
1383087275434	1383087275777	343
1383087275444	1383087275787	343
1383087275454	1383087275797	343
1383087275464	1383087275807	343
1383087275474	1383087275817	343
1383087275484	1383087275827	343
1383087275494	1383087275837	343
1383087275504	1383087275847	343
1383087275514	1383087275857	343
1383087275524	1383087275867	343
1383087275534	1383087275877	343
1383087275544	1383087275887	343
1383087275554	1383087275897	343
1383087275564	1383087275907	343
1383087275574	1383087275917	343
1383087275584	1383087275927	343
1383087275594	1383087275937	343
1383087275604	1383087275947	343
1383087275614	1383087275957	343
1383087275624	1383087275967	343
1383087275634	1383087275977	343
1383087275644	1383087275987	343
1383087275654	1383087275997	343
1383087275664	1383087276007	343
1383087275674	1383087276017	343
1383087275684	1383087276027	343
1383087275694	1383087276037	343
1383087275704	1383087276047	343
1383087275714	1383087276057	343
1383087275724	1383087276067	343
1383087275734	1383087276077	343
1383087275744	1383087276087	343
1383087275754	1383087276097	343
1383087275764	1383087276107	343
1383087275774	1383087276117	343
1383087275784	1383087276127	343
1383087275794	1383087276137	343
1383087275804	1383087276147	343
1383087275814	1383087276157	343
1383087275824	1383087276167	343
1383087275834	1383087276177	343
1383087275844	1383087276187	343
1383087275854	1383087276197	343
1383087275864	1383087276207	343
1383087275874	1383087276217	343
1383087275884	1383087276227	343
1383087275894	1383087276237	343
1383087275904	1383087276247	343
1383087275914	1383087276257	343
1383087275924	1383087276267	343
1383087275934	1383087276277	343
1383087275944	1383087276287	343
1383087275954	1383087276297	343
1383087275964	1383087276307	343
1383087275974	1383087276317	343
1383087275984	1383087276327	343
1383087275994	1383087276337	343
1383087276004	1383087276347	343
1383087276014	1383087276357	343
1383087276024	1383087276367	343
1383087276034	1383087276377	343
1383087276044	1383087276387	343
1383087276054	1383087276397	343
1383087276064	1383087276407	343
1383087276074	1383087276417	343
1383087276084	1383087276427	343
1383087276094	1383087276437	343
1383087276104	1383087276447	343
1383087276114	1383087276457	343
1383087276124	1383087276467	343
1383087276134	1383087276477	343
1383087276144	1383087276487	343
1383087276154	1383087276497	343
1383087276164	1383087276507	343
1383087276174	1383087276517	343
1383087276184	1383087276527	343
1383087276194	1383087276537	343
1383087276204	1383087276547	343
1383087276214	1383087276557	343
1383087276224	1383087276567	343
1383087276234	1383087276577	343
1383087276244	1383087276587	343
1383087276254	1383087276597	343
1383087276264	1383087276607	343
1383087276274	1383087276617	343
1383087276284	1383087276627	343
1383087276295	1383087276637	342
1383087276304	1383087276647	343
1383087276314	1383087276657	343
1383087276324	1383087276667	343
1383087276334	1383087276677	343
1383087276344	1383087276687	343
1383087276354	1383087276697	343
1383087276364	1383087276707	343
1383087276374	1383087276717	343
1383087276384	1383087276727	343
1383087276394	1383087276737	343
1383087276404	1383087276747	343
1383087276414	1383087276757	343
1383087276424	1383087276767	343
1383087276434	1383087276777	343
1383087276444	1383087276787	343
1383087276454	1383087276797	343
1383087276464	1383087276807	343
1383087276474	1383087276817	343
1383087276484	1383087276827	343
1383087276494	1383087276837	343
1383087276504	1383087276847	343
1383087276514	1383087276857	343
1383087276524	1383087276867	343
1383087276534	1383087276877	343
1383087276544	1383087276887	343
1383087276554	1383087276897	343
1383087276564	1383087276907	343
1383087276574	1383087276917	343
1383087276584	1383087276927	343
1383087276594	1383087276937	343
1383087276604	1383087276947	343
1383087276614	1383087276957	343
1383087276624	1383087276967	343
1383087276634	1383087276977	343
1383087276644	1383087276987	343
1383087276654	1383087276997	343
1383087276664	1383087277007	343
1383087276674	1383087277017	343
1383087276684	1383087277027	343
1383087276694	1383087277037	343
1383087276704	1383087277047	343
1383087276714	1383087277057	343
1383087276724	1383087277067	343
1383087276734	1383087277077	343
1383087276744	1383087277087	343
1383087276754	1383087277097	343
1383087276764	1383087277107	343
1383087276774	1383087277117	343
1383087276784	1383087277127	343
1383087276794	1383087277137	343
1383087276804	1383087277147	343
1383087276814	1383087277157	343
1383087276824	1383087277167	343
1383087276834	1383087277177	343
1383087276844	1383087277187	343
1383087276854	1383087277197	343
1383087276864	1383087277207	343
1383087276874	1383087277217	343
1383087276884	1383087277227	343
1383087276894	1383087277237	343
1383087276904	1383087277247	343
1383087276914	1383087277257	343
1383087276924	1383087277267	343
1383087276934	1383087277277	343
1383087276944	1383087277287	343
1383087276954	1383087277297	343
1383087276964	1383087277307	343
1383087276974	1383087277317	343
1383087276984	1383087277327	343
1383087276994	1383087277337	343
1383087277004	1383087277347	343
1383087277014	1383087277357	343
1383087277024	1383087277367	343
1383087277034	1383087277377	343
1383087277044	1383087277387	343
1383087277054	1383087277397	343
1383087277064	1383087277407	343
1383087277074	1383087277417	343
1383087277084	1383087277427	343
1383087277094	1383087277437	343
1383087277104	1383087277447	343
1383087277114	1383087277457	343
1383087277124	1383087277467	343
1383087277134	1383087277477	343
1383087277144	1383087277487	343
1383087277154	1383087277497	343
1383087277164	1383087277507	343
1383087277174	1383087277517	343
1383087277184	1383087277527	343
1383087277194	1383087277537	343
1383087277204	1383087277547	343
1383087277214	1383087277557	343
1383087277224	1383087277567	343
1383087277234	1383087277577	343
1383087277244	1383087277587	343
1383087277254	1383087277597	343
1383087277264	1383087277607	343
1383087277274	1383087277617	343
1383087277284	1383087277627	343
1383087277294	1383087277637	343
1383087277304	1383087277647	343
1383087277314	1383087277657	343
1383087277324	1383087277667	343
1383087277334	1383087277677	343
1383087277344	1383087277687	343
1383087277354	1383087277697	343
1383087277364	1383087277707	343
1383087277374	1383087277717	343
1383087277384	1383087277727	343
1383087277394	1383087277737	343
1383087277404	1383087277747	343
1383087277414	1383087277757	343
1383087277424	1383087277767	343
1383087277434	1383087277777	343
1383087277444	1383087277787	343
1383087277454	1383087277797	343
1383087277464	1383087277807	343
1383087277474	1383087277817	343
1383087277484	1383087277827	343
1383087277494	1383087277837	343
1383087277504	1383087277847	343
1383087277514	1383087277857	343
1383087277524	1383087277867	343
1383087277534	1383087277877	343
1383087277544	1383087277887	343
1383087277554	1383087277897	343
1383087277564	1383087277907	343
1383087277574	1383087277917	343
1383087277584	1383087277927	343
1383087277594	1383087277937	343
1383087277604	1383087277947	343
1383087277614	1383087277957	343
1383087277624	1383087277967	343
1383087277634	1383087277977	343
1383087277644	1383087277987	343
1383087277654	1383087277997	343
1383087277664	1383087278007	343
1383087277674	1383087278017	343
1383087277684	1383087278027	343
1383087277694	1383087278037	343
1383087277704	1383087278047	343
1383087277714	1383087278057	343
1383087277724	1383087278067	343
1383087277734	1383087278077	343
1383087277744	1383087278087	343
1383087277754	1383087278097	343
1383087277764	1383087278107	343
1383087277774	1383087278117	343
1383087277784	1383087278127	343
1383087277794	1383087278137	343
1383087277804	1383087278147	343
1383087277814	1383087278157	343
1383087277824	1383087278167	343
1383087277834	1383087278177	343
1383087277844	1383087278187	343
1383087277854	1383087278197	343
1383087277864	1383087278207	343
1383087277874	1383087278217	343
1383087277884	1383087278227	343
1383087277894	1383087278237	343
1383087277904	1383087278247	343
1383087277914	1383087278257	343
1383087277924	1383087278267	343
1383087277934	1383087278277	343
1383087277944	1383087278287	343
1383087277954	1383087278297	343
1383087277964	1383087278307	343
1383087277974	1383087278317	343
1383087277984	1383087278327	343
1383087277994	1383087278337	343
1383087278004	1383087278347	343
1383087278014	1383087278357	343
1383087278024	1383087278367	343
1383087278034	1383087278377	343
1383087278044	1383087278387	343
1383087278054	1383087278397	343
1383087278064	1383087278407	343
1383087278074	1383087278417	343
1383087278084	1383087278427	343
1383087278094	1383087278437	343
1383087278104	1383087278447	343
1383087278114	1383087278457	343
1383087278124	1383087278467	343
1383087278134	1383087278477	343
1383087278144	1383087278487	343
1383087278154	1383087278497	343
1383087278164	1383087278507	343
1383087278174	1383087278517	343
1383087278184	1383087278527	343
1383087278194	1383087278537	343
1383087278204	1383087278547	343
1383087278214	1383087278557	343
1383087278224	1383087278567	343
1383087278234	1383087278577	343
1383087278244	1383087278587	343
1383087278254	1383087278597	343
1383087278264	1383087278607	343
1383087278274	1383087278617	343
1383087278284	1383087278627	343
1383087278294	1383087278637	343
1383087278304	1383087278647	343
1383087278314	1383087278657	343
1383087278324	1383087278667	343
1383087278334	1383087278677	343
1383087278344	1383087278687	343
1383087278354	1383087278697	343
1383087278364	1383087278707	343
1383087278374	1383087278717	343
1383087278384	1383087278727	343
1383087278394	1383087278737	343
1383087278404	1383087278747	343
1383087278414	1383087278757	343
1383087278424	1383087278767	343
1383087278434	1383087278777	343
1383087278444	1383087278787	343
1383087278454	1383087278797	343
1383087278464	1383087278807	343
1383087278474	1383087278817	343
1383087278484	1383087278827	343
1383087278494	1383087278837	343
1383087278504	1383087278847	343
1383087278514	1383087278877	363
1383087278524	1383087278887	363
1383087278534	1383087278897	363
1383087278544	1383087278907	363
1383087278554	1383087278917	363
1383087278564	1383087278927	363
1383087278574	1383087278937	363
1383087278584	1383087278947	363
1383087278594	1383087278957	363
1383087278604	1383087278967	363
1383087278614	1383087278977	363
1383087278624	1383087278987	363
1383087278634	1383087278997	363
1383087278644	1383087279007	363
1383087278654	1383087279017	363
1383087278664	1383087279027	363
1383087278674	1383087279037	363
1383087278684	1383087279047	363
1383087278694	1383087279057	363
1383087278704	1383087279067	363
1383087278714	1383087279077	363
1383087278724	1383087279087	363
1383087278734	1383087279097	363
1383087278744	1383087279107	363
1383087278754	1383087279117	363
1383087278764	1383087279127	363
1383087278774	1383087279137	363
1383087278784	1383087279147	363
1383087278794	1383087279157	363
1383087278804	1383087279167	363
1383087278814	1383087279177	363
1383087278824	1383087279187	363
1383087278834	1383087279197	363
1383087278844	1383087279207	363
1383087278854	1383087279217	363
1383087278864	1383087279227	363
1383087278874	1383087279237	363
1383087278884	1383087279247	363
1383087278894	1383087279257	363
1383087278904	1383087279267	363
1383087278914	1383087279277	363
1383087278924	1383087279287	363
1383087278934	1383087279297	363
1383087278944	1383087279307	363
1383087278954	1383087279317	363
1383087278964	1383087279327	363
1383087278974	1383087279337	363
1383087278984	1383087279347	363
1383087278994	1383087279357	363
1383087279004	1383087279367	363
1383087279014	1383087279377	363
1383087279024	1383087279387	363
1383087279034	1383087279397	363
1383087279044	1383087279407	363
1383087279054	1383087279417	363
1383087279064	1383087279427	363
1383087279074	1383087279437	363
1383087279084	1383087279447	363
1383087279094	1383087279457	363
1383087279104	1383087279467	363
1383087279114	1383087279477	363
1383087279124	1383087279487	363
1383087279134	1383087279497	363
1383087279144	1383087279507	363
1383087279154	1383087279517	363
1383087279164	1383087279527	363
1383087279174	1383087279537	363
1383087279184	1383087279547	363
1383087279194	1383087279557	363
1383087279204	1383087279567	363
1383087279214	1383087279577	363
1383087279224	1383087279587	363
1383087279234	1383087279597	363
1383087279244	1383087279607	363
1383087279254	1383087279617	363
1383087279264	1383087279627	363
1383087279274	1383087279637	363
1383087279284	1383087279647	363
1383087279294	1383087279657	363
1383087279304	1383087279667	363
1383087279314	1383087279677	363
1383087279324	1383087279687	363
1383087279334	1383087279697	363
1383087279344	1383087279707	363
1383087279354	1383087279717	363
1383087279364	1383087279727	363
1383087279374	1383087279737	363
1383087279384	1383087279747	363
1383087279394	1383087279757	363
1383087279404	1383087279767	363
1383087279414	1383087279777	363
1383087279424	1383087279787	363
1383087279434	1383087279797	363
1383087279444	1383087279807	363
1383087279454	1383087279817	363
1383087279464	1383087279827	363
1383087279474	1383087279837	363
1383087279484	1383087279847	363
1383087279494	1383087279857	363
1383087279504	1383087279867	363
1383087279514	1383087279877	363
1383087279524	1383087279887	363
1383087279534	1383087279897	363
1383087279544	1383087279907	363
1383087279554	1383087279917	363
1383087279564	1383087279927	363
1383087279574	1383087279937	363
1383087279584	1383087279947	363
1383087279594	1383087279957	363
1383087279604	1383087279967	363
1383087279614	1383087279977	363
1383087279624	1383087279987	363
1383087279634	1383087279997	363
1383087279644	1383087280007	363
1383087279654	1383087280017	363
1383087279664	1383087280027	363
1383087279674	1383087280037	363
1383087279684	1383087280047	363
1383087279694	1383087280057	363
1383087279704	1383087280067	363
1383087279714	1383087280077	363
1383087279724	1383087280087	363
1383087279734	1383087280097	363
1383087279744	1383087280107	363
1383087279754	1383087280117	363
1383087279764	1383087280127	363
1383087279774	1383087280137	363
1383087279784	1383087280147	363
1383087279794	1383087280157	363
1383087279804	1383087280167	363
1383087279814	1383087280177	363
1383087279824	1383087280187	363
1383087279834	1383087280197	363
1383087279844	1383087280207	363
1383087279854	1383087280217	363
1383087279864	1383087280227	363
1383087279874	1383087280237	363
1383087279884	1383087280247	363
1383087279894	1383087280257	363
1383087279904	1383087280267	363
1383087279914	1383087280277	363
1383087279924	1383087280287	363
1383087279934	1383087280297	363
1383087279944	1383087280307	363
1383087279954	1383087280317	363
1383087279964	1383087280327	363
1383087279974	1383087280337	363
1383087279984	1383087280347	363
1383087279994	1383087280357	363
1383087280004	1383087280367	363
1383087280014	1383087280377	363
1383087280024	1383087280387	363
1383087280034	1383087280397	363
1383087280044	1383087280407	363
1383087280054	1383087280417	363
1383087280064	1383087280427	363
1383087280074	1383087280437	363
1383087280084	1383087280447	363
1383087280094	1383087280457	363
1383087280104	1383087280467	363
1383087280114	1383087280477	363
1383087280124	1383087280487	363
1383087280134	1383087280497	363
1383087280144	1383087280507	363
1383087280154	1383087280517	363
1383087280164	1383087280527	363
1383087280174	1383087280537	363
1383087280184	1383087280547	363
1383087280194	1383087280557	363
1383087280204	1383087280567	363
1383087280214	1383087280577	363
1383087280224	1383087280587	363
1383087280234	1383087280597	363
1383087280244	1383087280607	363
1383087280254	1383087280617	363
1383087280264	1383087280627	363
1383087280274	1383087280637	363
1383087280284	1383087280647	363
1383087280294	1383087280657	363
1383087280304	1383087280667	363
1383087280314	1383087280677	363
1383087280324	1383087280687	363
1383087280334	1383087280697	363
1383087280344	1383087280707	363
1383087280354	1383087280717	363
1383087280364	1383087280727	363
1383087280374	1383087280737	363
1383087280384	1383087280747	363
1383087280394	1383087280757	363
1383087280404	1383087280767	363
1383087280414	1383087280777	363
1383087280424	1383087280787	363
1383087280434	1383087280797	363
1383087280444	1383087280807	363
1383087280454	1383087280817	363
1383087280464	1383087280827	363
1383087280474	1383087280837	363
1383087280484	1383087280847	363
1383087280494	1383087280857	363
1383087280504	1383087280867	363
1383087280514	1383087280877	363
1383087280524	1383087280887	363
1383087280534	1383087280897	363
1383087280544	1383087280907	363
1383087280554	1383087280917	363
1383087280564	1383087280927	363
1383087280574	1383087280937	363
1383087280584	1383087280947	363
1383087280594	1383087280957	363
1383087280604	1383087280967	363
1383087280614	1383087280977	363
1383087280624	1383087280987	363
1383087280634	1383087280997	363
1383087280644	1383087281007	363
1383087280654	1383087281017	363
1383087280664	1383087281027	363
1383087280674	1383087281037	363
1383087280684	1383087281047	363
1383087280694	1383087281057	363
1383087280704	1383087281067	363
1383087280714	1383087281077	363
1383087280724	1383087281087	363
1383087280734	1383087281097	363
1383087280744	1383087281107	363
1383087280754	1383087281117	363
1383087280764	1383087281127	363
1383087280774	1383087281137	363
1383087280784	1383087281147	363
1383087280794	1383087281157	363
1383087280804	1383087281167	363
1383087280814	1383087281177	363
1383087280824	1383087281187	363
1383087280834	1383087281197	363
1383087280844	1383087281207	363
1383087280854	1383087281217	363
1383087280864	1383087281227	363
1383087280874	1383087281237	363
1383087280884	1383087281247	363
1383087280894	1383087281257	363
1383087280904	1383087281267	363
1383087280914	1383087281277	363
1383087280924	1383087281287	363
1383087280934	1383087281297	363
1383087280944	1383087281307	363
1383087280954	1383087281317	363
1383087280964	1383087281327	363
1383087280974	1383087281337	363
1383087280984	1383087281347	363
1383087280994	1383087281357	363
1383087281004	1383087281367	363
1383087281014	1383087281377	363
1383087281024	1383087281387	363
1383087281034	1383087281397	363
1383087281044	1383087281407	363
1383087281054	1383087281417	363
1383087281064	1383087281427	363
1383087281074	1383087281437	363
1383087281084	1383087281447	363
1383087281094	1383087281457	363
1383087281104	1383087281467	363
1383087281114	1383087281477	363
1383087281124	1383087281487	363
1383087281134	1383087281497	363
1383087281144	1383087281507	363
1383087281154	1383087281517	363
1383087281164	1383087281527	363
1383087281174	1383087281537	363
1383087281184	1383087281547	363
1383087281194	1383087281557	363
1383087281204	1383087281567	363
1383087281214	1383087281577	363
1383087281224	1383087281587	363
1383087281234	1383087281597	363
1383087281244	1383087281607	363
1383087281254	1383087281617	363
1383087281264	1383087281627	363
1383087281274	1383087281637	363
1383087281284	1383087281647	363
1383087281294	1383087281657	363
1383087281304	1383087281667	363
1383087281314	1383087281677	363
1383087281324	1383087281687	363
1383087281334	1383087281697	363
1383087281344	1383087281707	363
1383087281354	1383087281717	363
1383087281364	1383087281727	363
1383087281374	1383087281737	363
1383087281384	1383087281747	363
1383087281394	1383087281757	363
1383087281404	1383087281767	363
1383087281414	1383087281777	363
1383087281424	1383087281787	363
1383087281434	1383087281797	363
1383087281444	1383087281807	363
1383087281454	1383087281817	363
1383087281464	1383087281827	363
1383087281474	1383087281837	363
1383087281484	1383087281847	363
1383087281494	1383087281857	363
1383087281504	1383087281867	363
1383087281514	1383087281877	363
1383087281524	1383087281887	363
1383087281534	1383087281897	363
1383087281544	1383087281907	363
1383087281554	1383087281917	363
1383087281564	1383087281927	363
1383087281574	1383087281937	363
1383087281584	1383087281947	363
1383087281594	1383087281957	363
1383087281604	1383087281967	363
1383087281614	1383087281977	363
1383087281624	1383087281987	363
1383087281634	1383087281997	363
1383087281644	1383087282007	363
1383087281654	1383087282017	363
1383087281664	1383087282027	363
1383087281674	1383087282037	363
1383087281684	1383087282047	363
1383087281694	1383087282057	363
1383087281704	1383087282067	363
1383087281714	1383087282077	363
1383087281724	1383087282087	363
1383087281734	1383087282097	363
1383087281744	1383087282107	363
1383087281754	1383087282117	363
1383087281764	1383087282127	363
1383087281774	1383087282137	363
1383087281784	1383087282147	363
1383087281794	1383087282157	363
1383087281804	1383087282167	363
1383087281814	1383087282177	363
1383087281824	1383087282187	363
1383087281834	1383087282197	363
1383087281844	1383087282207	363
1383087281854	1383087282217	363
1383087281864	1383087282227	363
1383087281874	1383087282237	363
1383087281884	1383087282247	363
1383087281894	1383087282257	363
1383087281904	1383087282267	363
1383087281914	1383087282277	363
1383087281924	1383087282287	363
1383087281934	1383087282297	363
1383087281944	1383087282307	363
1383087281954	1383087282317	363
1383087281964	1383087282327	363
1383087281974	1383087282337	363
1383087281984	1383087282347	363
1383087281994	1383087282357	363
1383087282004	1383087282367	363
1383087282014	1383087282377	363
1383087282024	1383087282387	363
1383087282034	1383087282397	363
1383087282044	1383087282407	363
1383087282054	1383087282417	363
1383087282064	1383087282427	363
1383087282074	1383087282437	363
1383087282084	1383087282447	363
1383087282094	1383087282457	363
1383087282104	1383087282467	363
1383087282114	1383087282477	363
1383087282124	1383087282487	363
1383087282134	1383087282497	363
1383087282144	1383087282507	363
1383087282154	1383087282517	363
1383087282164	1383087282527	363
1383087282174	1383087282537	363
1383087282184	1383087282547	363
1383087282194	1383087282557	363
1383087282204	1383087282567	363
1383087282214	1383087282577	363
1383087282224	1383087282587	363
1383087282234	1383087282597	363
1383087282244	1383087282607	363
1383087282254	1383087282617	363
1383087282264	1383087282627	363
1383087282274	1383087282637	363
1383087282284	1383087282647	363
1383087282294	1383087282657	363
1383087282304	1383087282667	363
1383087282314	1383087282677	363
1383087282324	1383087282687	363
1383087282334	1383087282697	363
1383087282344	1383087282707	363
1383087282354	1383087282717	363
1383087282364	1383087282727	363
1383087282374	1383087282737	363
1383087282384	1383087282747	363
1383087282394	1383087282757	363
1383087282404	1383087282767	363
1383087282414	1383087282777	363
1383087282424	1383087282787	363
1383087282434	1383087282797	363
1383087282444	1383087282807	363
1383087282454	1383087282817	363
1383087282464	1383087282827	363
1383087282474	1383087282837	363
1383087282484	1383087282847	363
1383087282494	1383087282857	363
1383087282504	1383087282867	363
1383087282514	1383087282877	363
1383087282524	1383087282887	363
1383087282534	1383087282897	363
1383087282544	1383087282907	363
1383087282554	1383087282917	363
1383087282564	1383087282927	363
1383087282574	1383087282937	363
1383087282584	1383087282947	363
1383087282594	1383087282957	363
1383087282604	1383087282967	363
1383087282614	1383087282977	363
1383087282624	1383087282987	363
1383087282634	1383087282997	363
1383087282644	1383087283007	363
1383087282654	1383087283017	363
1383087282664	1383087283027	363
1383087282674	1383087283037	363
1383087282684	1383087283047	363
1383087282694	1383087283057	363
1383087282704	1383087283067	363
1383087282714	1383087283077	363
1383087282724	1383087283087	363
1383087282734	1383087283097	363
1383087282744	1383087283107	363
1383087282754	1383087283117	363
1383087282764	1383087283127	363
1383087282774	1383087283137	363
1383087282784	1383087283147	363
1383087282794	1383087283157	363
1383087282804	1383087283167	363
1383087282814	1383087283187	373
1383087282824	1383087283197	373
1383087282834	1383087283207	373
1383087282844	1383087283217	373
1383087282854	1383087283227	373
1383087282864	1383087283237	373
1383087282874	1383087283247	373
1383087282884	1383087283257	373
1383087282894	1383087283267	373
1383087282904	1383087283277	373
1383087282914	1383087283287	373
1383087282924	1383087283297	373
1383087282934	1383087283307	373
1383087282944	1383087283317	373
1383087282954	1383087283327	373
1383087282964	1383087283337	373
1383087282974	1383087283347	373
1383087282984	1383087283357	373
1383087282994	1383087283367	373
1383087283004	1383087283377	373
1383087283014	1383087283387	373
1383087283024	1383087283397	373
1383087283034	1383087283407	373
1383087283044	1383087283417	373
1383087283054	1383087283427	373
1383087283064	1383087283437	373
1383087283074	1383087283447	373
1383087283084	1383087283457	373
1383087283094	1383087283467	373
1383087283104	1383087283477	373
1383087283114	1383087283487	373
1383087283124	1383087283497	373
1383087283134	1383087283507	373
1383087283144	1383087283517	373
1383087283154	1383087283527	373
1383087283164	1383087283537	373
1383087283174	1383087283547	373
1383087283184	1383087283557	373
1383087283194	1383087283567	373
1383087283204	1383087283577	373
1383087283214	1383087283587	373
1383087283224	1383087283597	373
1383087283234	1383087283607	373
1383087283244	1383087283617	373
1383087283254	1383087283627	373
1383087283264	1383087283637	373
1383087283274	1383087283647	373
1383087283284	1383087283657	373
1383087283294	1383087283667	373
1383087283304	1383087283677	373
1383087283314	1383087283687	373
1383087283324	1383087283697	373
1383087283334	1383087283707	373
1383087283344	1383087283717	373
1383087283354	1383087283727	373
1383087283364	1383087283737	373
1383087283374	1383087283747	373
1383087283384	1383087283757	373
1383087283394	1383087283767	373
1383087283404	1383087283777	373
1383087283414	1383087283787	373
1383087283424	1383087283797	373
1383087283434	1383087283807	373
1383087283444	1383087283817	373
1383087283454	1383087283827	373
1383087283464	1383087283837	373
1383087283474	1383087283847	373
1383087283484	1383087283857	373
1383087283494	1383087283867	373
1383087283504	1383087283877	373
1383087283514	1383087283887	373
1383087283524	1383087283897	373
1383087283534	1383087283907	373
1383087283544	1383087283917	373
1383087283554	1383087283927	373
1383087283564	1383087283937	373
1383087283574	1383087283947	373
1383087283584	1383087283957	373
1383087283594	1383087283967	373
1383087283604	1383087283977	373
1383087283614	1383087283987	373
1383087283624	1383087283997	373
1383087283634	1383087284007	373
1383087283644	1383087284017	373
1383087283654	1383087284027	373
1383087283664	1383087284037	373
1383087283674	1383087284047	373
1383087283684	1383087284057	373
1383087283694	1383087284067	373
1383087283704	1383087284077	373
1383087283714	1383087284087	373
1383087283724	1383087284097	373
1383087283734	1383087284107	373
1383087283744	1383087284117	373
1383087283754	1383087284127	373
1383087283764	1383087284137	373
1383087283774	1383087284147	373
1383087283784	1383087284157	373
1383087283794	1383087284167	373
1383087283804	1383087284177	373
1383087283814	1383087284187	373
1383087283824	1383087284197	373
1383087283834	1383087284207	373
1383087283844	1383087284217	373
1383087283854	1383087284227	373
1383087283864	1383087284237	373
1383087283874	1383087284247	373
1383087283884	1383087284257	373
1383087283894	1383087284267	373
1383087283904	1383087284277	373
1383087283914	1383087284287	373
1383087283924	1383087284297	373
1383087283934	1383087284307	373
1383087283944	1383087284317	373
1383087283954	1383087284327	373
1383087283964	1383087284337	373
1383087283974	1383087284347	373
1383087283984	1383087284357	373
1383087283994	1383087284367	373
1383087284004	1383087284377	373
1383087284014	1383087284387	373
1383087284024	1383087284397	373
1383087284034	1383087284407	373
1383087284044	1383087284417	373
1383087284054	1383087284428	374
1383087284064	1383087284437	373
1383087284074	1383087284447	373
1383087284084	1383087284457	373
1383087284094	1383087284467	373
1383087284104	1383087284477	373
1383087284114	1383087284487	373
1383087284124	1383087284497	373
1383087284134	1383087284507	373
1383087284144	1383087284517	373
1383087284154	1383087284527	373
1383087284164	1383087284537	373
1383087284174	1383087284547	373
1383087284184	1383087284557	373
1383087284194	1383087284567	373
1383087284204	1383087284577	373
1383087284214	1383087284587	373
1383087284224	1383087284597	373
1383087284234	1383087284607	373
1383087284244	1383087284617	373
1383087284254	1383087284627	373
1383087284264	1383087284637	373
1383087284274	1383087284647	373
1383087284284	1383087284657	373
1383087284294	1383087284667	373
1383087284304	1383087284677	373
1383087284314	1383087284687	373
1383087284324	1383087284697	373
1383087284334	1383087284707	373
1383087284344	1383087284717	373
1383087284354	1383087284727	373
1383087284364	1383087284737	373
1383087284374	1383087284747	373
1383087284384	1383087284757	373
1383087284394	1383087284767	373
1383087284404	1383087284777	373
1383087284414	1383087284787	373
1383087284424	1383087284797	373
1383087284434	1383087284807	373
1383087284444	1383087284817	373
1383087284454	1383087284827	373
1383087284464	1383087284837	373
1383087284474	1383087284847	373
1383087284484	1383087284857	373
1383087284494	1383087284867	373
1383087284504	1383087284877	373
1383087284514	1383087284887	373
1383087284524	1383087284897	373
1383087284534	1383087284907	373
1383087284544	1383087284917	373
1383087284554	1383087284927	373
1383087284564	1383087284937	373
1383087284574	1383087284947	373
1383087284584	1383087284957	373
1383087284594	1383087284967	373
1383087284604	1383087284977	373
1383087284614	1383087284987	373
1383087284624	1383087284997	373
1383087284634	1383087285007	373
1383087284644	1383087285017	373
1383087284654	1383087285027	373
1383087284664	1383087285037	373
1383087284674	1383087285047	373
1383087284684	1383087285057	373
1383087284694	1383087285067	373
1383087284704	1383087285077	373
1383087284714	1383087285087	373
1383087284724	1383087285097	373
1383087284734	1383087285107	373
1383087284744	1383087285117	373
1383087284754	1383087285127	373
1383087284764	1383087285137	373
1383087284774	1383087285147	373
1383087284784	1383087285157	373
1383087284794	1383087285167	373
1383087284804	1383087285177	373
1383087284814	1383087285187	373
1383087284824	1383087285197	373
1383087284834	1383087285207	373
1383087284844	1383087285217	373
1383087284854	1383087285227	373
1383087284864	1383087285237	373
1383087284874	1383087285247	373
1383087284884	1383087285257	373
1383087284894	1383087285267	373
1383087284904	1383087285277	373
1383087284914	1383087285287	373
1383087284924	1383087285297	373
1383087284934	1383087285307	373
1383087284944	1383087285317	373
1383087284954	1383087285327	373
1383087284964	1383087285337	373
1383087284974	1383087285347	373
1383087284984	1383087285357	373
1383087284994	1383087285367	373
1383087285004	1383087285377	373
1383087285014	1383087285387	373
1383087285024	1383087285397	373
1383087285034	1383087285407	373
1383087285044	1383087285417	373
1383087285054	1383087285427	373
1383087285064	1383087285437	373
1383087285074	1383087285447	373
1383087285084	1383087285457	373
1383087285094	1383087285467	373
1383087285104	1383087285477	373
1383087285114	1383087285487	373
1383087285124	1383087285497	373
1383087285134	1383087285507	373
1383087285144	1383087285517	373
1383087285154	1383087285527	373
1383087285164	1383087285537	373
1383087285174	1383087285547	373
1383087285184	1383087285557	373
1383087285194	1383087285567	373
1383087285204	1383087285577	373
1383087285214	1383087285587	373
1383087285224	1383087285597	373
1383087285234	1383087285607	373
1383087285244	1383087285617	373
1383087285254	1383087285627	373
1383087285264	1383087285637	373
1383087285274	1383087285647	373
1383087285284	1383087285657	373
1383087285294	1383087285667	373
1383087285304	1383087285677	373
1383087285314	1383087285687	373
1383087285324	1383087285697	373
1383087285334	1383087285707	373
1383087285344	1383087285717	373
1383087285354	1383087285727	373
1383087285364	1383087285737	373
1383087285374	1383087285747	373
1383087285384	1383087285757	373
1383087285394	1383087285767	373
1383087285404	1383087285777	373
1383087285414	1383087285787	373
1383087285424	1383087285797	373
1383087285434	1383087285807	373
1383087285444	1383087285817	373
1383087285454	1383087285827	373
1383087285464	1383087285837	373
1383087285474	1383087285847	373
1383087285484	1383087285857	373
1383087285494	1383087285867	373
1383087285504	1383087285877	373
1383087285514	1383087285887	373
1383087285524	1383087285897	373
1383087285534	1383087285907	373
1383087285544	1383087285917	373
1383087285554	1383087285927	373
1383087285564	1383087285937	373
1383087285574	1383087285947	373
1383087285584	1383087285957	373
1383087285594	1383087285967	373
1383087285604	1383087285977	373
1383087285614	1383087285987	373
1383087285624	1383087285997	373
1383087285634	1383087286007	373
1383087285644	1383087286017	373
1383087285654	1383087286027	373
1383087285664	1383087286037	373
1383087285674	1383087286047	373
1383087285684	1383087286057	373
1383087285694	1383087286067	373
1383087285704	1383087286077	373
1383087285714	1383087286087	373
1383087285724	1383087286097	373
1383087285734	1383087286107	373
1383087285744	1383087286117	373
1383087285754	1383087286127	373
1383087285764	1383087286137	373
1383087285774	1383087286147	373
1383087285784	1383087286157	373
1383087285794	1383087286167	373
1383087285804	1383087286177	373
1383087285814	1383087286187	373
1383087285824	1383087286197	373
1383087285834	1383087286207	373
1383087285844	1383087286217	373
1383087285854	1383087286227	373
1383087285864	1383087286237	373
1383087285874	1383087286247	373
1383087285884	1383087286257	373
1383087285894	1383087286267	373
1383087285904	1383087286277	373
1383087285914	1383087286287	373
1383087285924	1383087286297	373
1383087285934	1383087286307	373
1383087285944	1383087286317	373
1383087285954	1383087286327	373
1383087285964	1383087286337	373
1383087285974	1383087286347	373
1383087285984	1383087286357	373
1383087285994	1383087286367	373
1383087286004	1383087286377	373
1383087286014	1383087286387	373
1383087286024	1383087286397	373
1383087286034	1383087286407	373
1383087286044	1383087286417	373
1383087286054	1383087286427	373
1383087286064	1383087286437	373
1383087286074	1383087286447	373
1383087286084	1383087286457	373
1383087286094	1383087286467	373
1383087286104	1383087286477	373
1383087286114	1383087286487	373
1383087286124	1383087286497	373
1383087286134	1383087286507	373
1383087286144	1383087286517	373
1383087286154	1383087286527	373
1383087286164	1383087286537	373
1383087286174	1383087286547	373
1383087286184	1383087286557	373
1383087286194	1383087286567	373
1383087286204	1383087286577	373
1383087286214	1383087286587	373
1383087286224	1383087286597	373
1383087286234	1383087286607	373
1383087286244	1383087286617	373
1383087286254	1383087286627	373
1383087286264	1383087286637	373
1383087286274	1383087286647	373
1383087286284	1383087286657	373
1383087286294	1383087286667	373
1383087286304	1383087286677	373
1383087286314	1383087286687	373
1383087286324	1383087286697	373
1383087286334	1383087286707	373
1383087286344	1383087286717	373
1383087286354	1383087286727	373
1383087286364	1383087286737	373
1383087286374	1383087286747	373
1383087286384	1383087286757	373
1383087286394	1383087286767	373
1383087286404	1383087286777	373
1383087286414	1383087286787	373
1383087286424	1383087286797	373
1383087286434	1383087286807	373
1383087286444	1383087286817	373
1383087286454	1383087286827	373
1383087286464	1383087286837	373
1383087286474	1383087286847	373
1383087286484	1383087286857	373
1383087286494	1383087286867	373
1383087286504	1383087286877	373
1383087286514	1383087286887	373
1383087286524	1383087286897	373
1383087286534	1383087286907	373
1383087286544	1383087286917	373
1383087286554	1383087286927	373
1383087286564	1383087286937	373
1383087286574	1383087286947	373
1383087286584	1383087286957	373
1383087286594	1383087286967	373
1383087286604	1383087286977	373
1383087286614	1383087286987	373
1383087286624	1383087286997	373
1383087286634	1383087287007	373
1383087286644	1383087287017	373
1383087286654	1383087287027	373
1383087286664	1383087287037	373
1383087286674	1383087287047	373
1383087286684	1383087287057	373
1383087286694	1383087287067	373
1383087286704	1383087287077	373
1383087286714	1383087287087	373
1383087286724	1383087287097	373
1383087286734	1383087287107	373
1383087286744	1383087287117	373
1383087286754	1383087287127	373
1383087286764	1383087287137	373
1383087286774	1383087287147	373
1383087286784	1383087287157	373
1383087286794	1383087287167	373
1383087286804	1383087287177	373
1383087286814	1383087287187	373
1383087286824	1383087287197	373
1383087286834	1383087287207	373
1383087286844	1383087287217	373
1383087286854	1383087287227	373
1383087286864	1383087287237	373
1383087286874	1383087287247	373
1383087286884	1383087287257	373
1383087286894	1383087287267	373
1383087286904	1383087287277	373
1383087286914	1383087287287	373
1383087286924	1383087287297	373
1383087286934	1383087287307	373
1383087286944	1383087287317	373
1383087286954	1383087287327	373
1383087286964	1383087287337	373
1383087286974	1383087287347	373
1383087286984	1383087287357	373
1383087286994	1383087287367	373
1383087287004	1383087287377	373
1383087287014	1383087287387	373
1383087287024	1383087287397	373
1383087287034	1383087287407	373
1383087287044	1383087287417	373
1383087287054	1383087287427	373
1383087287064	1383087287437	373
1383087287074	1383087287448	374
1383087287084	1383087287457	373
1383087287094	1383087287467	373
1383087287104	1383087287477	373
1383087287114	1383087287487	373
1383087287124	1383087287497	373
1383087287134	1383087287507	373
1383087287144	1383087287517	373
1383087287154	1383087287527	373
1383087287164	1383087287537	373
1383087287174	1383087287548	374
1383087287184	1383087287557	373
1383087287194	1383087287567	373
1383087287204	1383087287577	373
1383087287214	1383087287587	373
1383087287224	1383087287597	373
1383087287234	1383087287607	373
1383087287244	1383087287617	373
1383087287254	1383087287627	373
1383087287264	1383087287637	373
1383087287274	1383087287647	373
1383087287284	1383087287657	373
1383087287294	1383087287667	373
1383087287304	1383087287677	373
1383087287314	1383087287687	373
1383087287324	1383087287697	373
1383087287334	1383087287707	373
1383087287344	1383087287717	373
1383087287354	1383087287727	373
1383087287364	1383087287737	373
1383087287374	1383087287747	373
1383087287384	1383087287757	373
1383087287394	1383087287767	373
1383087287404	1383087287777	373
1383087287414	1383087287787	373
1383087287424	1383087287797	373
1383087287434	1383087287807	373
1383087287444	1383087287817	373
1383087287454	1383087287827	373
1383087287464	1383087287837	373
1383087287474	1383087287847	373
1383087287484	1383087287857	373
1383087287494	1383087287867	373
1383087287504	1383087287877	373
1383087287514	1383087287887	373
1383087287524	1383087287897	373
1383087287534	1383087287907	373
1383087287544	1383087287917	373
1383087287554	1383087287927	373
1383087287564	1383087287937	373
1383087287574	1383087287947	373
1383087287584	1383087287957	373
1383087287594	1383087287967	373
1383087287604	1383087287977	373
1383087287614	1383087287987	373
1383087287624	1383087287997	373
1383087287634	1383087288007	373
1383087287644	1383087288017	373
1383087287654	1383087288027	373
1383087287664	1383087288037	373
1383087287674	1383087288047	373
1383087287684	1383087288057	373
1383087287694	1383087288067	373
1383087287704	1383087288077	373
1383087287714	1383087288087	373
1383087287724	1383087288097	373
1383087287734	1383087288107	373
1383087287744	1383087288117	373
1383087287754	1383087288127	373
1383087287764	1383087288137	373
1383087287774	1383087288147	373
1383087287784	1383087288157	373
1383087287794	1383087288167	373
1383087287804	1383087288177	373
1383087287814	1383087288187	373
1383087287824	1383087288197	373
1383087287834	1383087288207	373
1383087287844	1383087288217	373
1383087287854	1383087288227	373
1383087287864	1383087288237	373
1383087287874	1383087288247	373
1383087287884	1383087288257	373
1383087287894	1383087288267	373
1383087287904	1383087288277	373
1383087287914	1383087288287	373
1383087287924	1383087288297	373
1383087287934	1383087288307	373
1383087287944	1383087288317	373
1383087287954	1383087288327	373
1383087287964	1383087288337	373
1383087287974	1383087288347	373
1383087287984	1383087288357	373
1383087287994	1383087288367	373
1383087288004	1383087288377	373
1383087288014	1383087288387	373
1383087288024	1383087288397	373
1383087288034	1383087288407	373
1383087288044	1383087288417	373
1383087288054	1383087288427	373
1383087288064	1383087288437	373
1383087288074	1383087288447	373
1383087288084	1383087288457	373
1383087288094	1383087288467	373
1383087288104	1383087288477	373
1383087288114	1383087288487	373
1383087288124	1383087288497	373
1383087288134	1383087288507	373
1383087288144	1383087288517	373
1383087288154	1383087288527	373
1383087288164	1383087288537	373
1383087288174	1383087288547	373
1383087288184	1383087288557	373
1383087288194	1383087288567	373
1383087288204	1383087288577	373
1383087288214	1383087288587	373
1383087288224	1383087288597	373
1383087288234	1383087288607	373
1383087288244	1383087288617	373
1383087288254	1383087288627	373
1383087288264	1383087288637	373
1383087288274	1383087288647	373
1383087288284	1383087288657	373
1383087288294	1383087288667	373
1383087288304	1383087288677	373
1383087288314	1383087288687	373
1383087288324	1383087288697	373
1383087288334	1383087288707	373
1383087288344	1383087288717	373
1383087288354	1383087288727	373
1383087288364	1383087288737	373
1383087288374	1383087288747	373
1383087288384	1383087288757	373
1383087288394	1383087288767	373
1383087288404	1383087288777	373
1383087288414	1383087288787	373
1383087288424	1383087288797	373
1383087288434	1383087288807	373
1383087288444	1383087288817	373
1383087288454	1383087288827	373
1383087288464	1383087288837	373
1383087288474	1383087288847	373
1383087288484	1383087288857	373
1383087288494	1383087288867	373
1383087288504	1383087288877	373
1383087288514	1383087288887	373
1383087288524	1383087288897	373
1383087288534	1383087288907	373
1383087288544	1383087288917	373
1383087288554	1383087288927	373
1383087288564	1383087288937	373
1383087288574	1383087288947	373
1383087288584	1383087288957	373
1383087288594	1383087288967	373
1383087288604	1383087288977	373
1383087288614	1383087288987	373
1383087288624	1383087288997	373
1383087288634	1383087289007	373
1383087288644	1383087289017	373
1383087288654	1383087289027	373
1383087288664	1383087289037	373
1383087288674	1383087289047	373
1383087288684	1383087289057	373
1383087288694	1383087289067	373
1383087288704	1383087289077	373
1383087288714	1383087289087	373
1383087288724	1383087289097	373
1383087288734	1383087289107	373
1383087288744	1383087289117	373
1383087288754	1383087289127	373
1383087288764	1383087289137	373
1383087288774	1383087289147	373
1383087288784	1383087289157	373
1383087288794	1383087289167	373
1383087288804	1383087289177	373
1383087288814	1383087289187	373
1383087288824	1383087289197	373
1383087288834	1383087289207	373
1383087288844	1383087289217	373
1383087288854	1383087289227	373
1383087288864	1383087289237	373
1383087288874	1383087289247	373
1383087288884	1383087289257	373
1383087288894	1383087289267	373
1383087288904	1383087289277	373
1383087288914	1383087289287	373
1383087288924	1383087289297	373
1383087288934	1383087289307	373
1383087288944	1383087289317	373
1383087288954	1383087289327	373
1383087288964	1383087289337	373
1383087288974	1383087289347	373
1383087288984	1383087289357	373
1383087288994	1383087289367	373
1383087289004	1383087289377	373
1383087289014	1383087289387	373
1383087289024	1383087289397	373
1383087289034	1383087289407	373
1383087289044	1383087289417	373
1383087289054	1383087289427	373
1383087289064	1383087289437	373
1383087289074	1383087289447	373
1383087289084	1383087289457	373
1383087289094	1383087289467	373
1383087289104	1383087289477	373
1383087289114	1383087289487	373
1383087289124	1383087289497	373
1383087289134	1383087289507	373
1383087289144	1383087289517	373
1383087289154	1383087289527	373
1383087289164	1383087289537	373
1383087289174	1383087289547	373
1383087289184	1383087289557	373
1383087289194	1383087289567	373
1383087289204	1383087289577	373
1383087289214	1383087289587	373
1383087289224	1383087289597	373
1383087289234	1383087289607	373
1383087289244	1383087289617	373
1383087289254	1383087289627	373
1383087289264	1383087289637	373
1383087289274	1383087289647	373
1383087289284	1383087289657	373
1383087289294	1383087289667	373
1383087289304	1383087289677	373
1383087289314	1383087289687	373
1383087289324	1383087289697	373
1383087289334	1383087289707	373
1383087289344	1383087289717	373
1383087289354	1383087289727	373
1383087289364	1383087289737	373
1383087289374	1383087289747	373
1383087289384	1383087289757	373
1383087289394	1383087289767	373
1383087289404	1383087289777	373
1383087289414	1383087289787	373
1383087289424	1383087289797	373
1383087289434	1383087289807	373
1383087289444	1383087289817	373
1383087289454	1383087289827	373
1383087289464	1383087289837	373
1383087289474	1383087289847	373
1383087289484	1383087289857	373
1383087289494	1383087289867	373
1383087289504	1383087289877	373
1383087289514	1383087289887	373
1383087289524	1383087289897	373
1383087289534	1383087289907	373
1383087289544	1383087289917	373
1383087289554	1383087289927	373
1383087289564	1383087289937	373
1383087289574	1383087289947	373
1383087289584	1383087289957	373
1383087289594	1383087289967	373
1383087289604	1383087289977	373
1383087289614	1383087289987	373
1383087289624	1383087289997	373
1383087289634	1383087290007	373
1383087289644	1383087290017	373
1383087289654	1383087290027	373
1383087289664	1383087290037	373
1383087289674	1383087290047	373
1383087289684	1383087290057	373
1383087289694	1383087290067	373
1383087289704	1383087290077	373
1383087289714	1383087290087	373
1383087289724	1383087290097	373
1383087289734	1383087290107	373
1383087289744	1383087290117	373
1383087289754	1383087290127	373
1383087289764	1383087290137	373
1383087289774	1383087290147	373
1383087289784	1383087290157	373
1383087289794	1383087290167	373
1383087289804	1383087290177	373
1383087289814	1383087290187	373
1383087289824	1383087290197	373
1383087289834	1383087290207	373
1383087289844	1383087290217	373
1383087289854	1383087290227	373
1383087289864	1383087290237	373
1383087289874	1383087290248	374
1383087289884	1383087290257	373
1383087289894	1383087290267	373
1383087289904	1383087290278	374
1383087289914	1383087290287	373
1383087289924	1383087290297	373
1383087289934	1383087290307	373
1383087289944	1383087290317	373
1383087289954	1383087290327	373
1383087289964	1383087290337	373
1383087289974	1383087290347	373
1383087289984	1383087290357	373
1383087289994	1383087290367	373
1383087290004	1383087290377	373
1383087290014	1383087290387	373
1383087290024	1383087290397	373
1383087290034	1383087290408	374
1383087290044	1383087290417	373
1383087290054	1383087290427	373
1383087290064	1383087290437	373
1383087290074	1383087290447	373
1383087290084	1383087290457	373
1383087290094	1383087290467	373
1383087290104	1383087290477	373
1383087290114	1383087290487	373
1383087290124	1383087290497	373
1383087290134	1383087290507	373
1383087290144	1383087290517	373
1383087290154	1383087290527	373
1383087290164	1383087290537	373
1383087290174	1383087290547	373
1383087290184	1383087290557	373
1383087290194	1383087290567	373
1383087290204	1383087290577	373
1383087290214	1383087290587	373
1383087290224	1383087290597	373
1383087290234	1383087290607	373
1383087290244	1383087290617	373
1383087290254	1383087290627	373
1383087290264	1383087290637	373
1383087290274	1383087290647	373
1383087290284	1383087290657	373
1383087290294	1383087290667	373
1383087290304	1383087290677	373
1383087290314	1383087290687	373
1383087290324	1383087290697	373
1383087290334	1383087290707	373
1383087290344	1383087290717	373
1383087290354	1383087290727	373
1383087290364	1383087290737	373
1383087290374	1383087290747	373
1383087290384	1383087290757	373
1383087290394	1383087290767	373
1383087290404	1383087290777	373
1383087290414	1383087290787	373
1383087290424	1383087290797	373
1383087290434	1383087290807	373
1383087290444	1383087290817	373
1383087290454	1383087290827	373
1383087290464	1383087290837	373
1383087290474	1383087290847	373
1383087290484	1383087290857	373
1383087290494	1383087290867	373
1383087290504	1383087290877	373
1383087290514	1383087290887	373
1383087290524	1383087290897	373
1383087290534	1383087290907	373
1383087290544	1383087290917	373
1383087290554	1383087290927	373
1383087290564	1383087290937	373
1383087290574	1383087290947	373
1383087290584	1383087290957	373
1383087290594	1383087290967	373
1383087290604	1383087290977	373
1383087290614	1383087290987	373
1383087290624	1383087290997	373
1383087290634	1383087291007	373
1383087290644	1383087291017	373
1383087290654	1383087291027	373
1383087290664	1383087291037	373
1383087290674	1383087291047	373
1383087290684	1383087291057	373
1383087290694	1383087291067	373
1383087290704	1383087291077	373
1383087290714	1383087291087	373
1383087290724	1383087291097	373
1383087290734	1383087291107	373
1383087290744	1383087291117	373
1383087290754	1383087291127	373
1383087290764	1383087291137	373
1383087290774	1383087291147	373
1383087290784	1383087291157	373
1383087290794	1383087291167	373
1383087290804	1383087291177	373
1383087290814	1383087291187	373
1383087290824	1383087291197	373
1383087290834	1383087291207	373
1383087290844	1383087291217	373
1383087290854	1383087291227	373
1383087290864	1383087291237	373
1383087290874	1383087291247	373
1383087290884	1383087291257	373
1383087290894	1383087291267	373
1383087290904	1383087291277	373
1383087290914	1383087291287	373
1383087290924	1383087291297	373
1383087290934	1383087291307	373
1383087290944	1383087291317	373
1383087290954	1383087291327	373
1383087290964	1383087291337	373
1383087290974	1383087291347	373
1383087290984	1383087291357	373
1383087290994	1383087291367	373
1383087291004	1383087291377	373
1383087291014	1383087291387	373
1383087291024	1383087291397	373
1383087291034	1383087291407	373
1383087291044	1383087291417	373
1383087291054	1383087291427	373
1383087291064	1383087291437	373
1383087291074	1383087291447	373
1383087291084	1383087291457	373
1383087291094	1383087291467	373
1383087291104	1383087291477	373
1383087291114	1383087291767	653
1383087291124	1383087291777	653
1383087291134	1383087291877	743
1383087291144	1383087291887	743
1383087291154	1383087291897	743
1383087291164	1383087291907	743
1383087291174	1383087291917	743
1383087291184	1383087291927	743
1383087291194	1383087291937	743
1383087291204	1383087291947	743
1383087291214	1383087291957	743
1383087291224	1383087291967	743
1383087291234	1383087291977	743
1383087291244	1383087291987	743
1383087291254	1383087291997	743
1383087291264	1383087292007	743
1383087291274	1383087292017	743
1383087291284	1383087292027	743
1383087291294	1383087292037	743
1383087291304	1383087292047	743
1383087291314	1383087292057	743
1383087291324	1383087292067	743
1383087291334	1383087292077	743
1383087291344	1383087292087	743
1383087291354	1383087292097	743
1383087291364	1383087292107	743
1383087291374	1383087292117	743
1383087291384	1383087292127	743
1383087291394	1383087292137	743
1383087291404	1383087292147	743
1383087291414	1383087292157	743
1383087291424	1383087292167	743
1383087291434	1383087292177	743
1383087291444	1383087292187	743
1383087291454	1383087292197	743
1383087291464	1383087292207	743
1383087291474	1383087292217	743
1383087291484	1383087292227	743
1383087291494	1383087292237	743
1383087291504	1383087292247	743
1383087291514	1383087292257	743
1383087291524	1383087292267	743
1383087291534	1383087292277	743
1383087291544	1383087292287	743
1383087291554	1383087292297	743
1383087291564	1383087292307	743
1383087291574	1383087292317	743
1383087291584	1383087292327	743
1383087291594	1383087292337	743
1383087291604	1383087292347	743
1383087291614	1383087292357	743
1383087291624	1383087292367	743
1383087291634	1383087292377	743
1383087291644	1383087292387	743
1383087291654	1383087292397	743
1383087291664	1383087292407	743
1383087291674	1383087292417	743
1383087291684	1383087292427	743
1383087291694	1383087292437	743
1383087291704	1383087292447	743
1383087291714	1383087292457	743
1383087291724	1383087292467	743
1383087291734	1383087292477	743
1383087291744	1383087292487	743
1383087291754	1383087292497	743
1383087291764	1383087292507	743
1383087291774	1383087292517	743
1383087291784	1383087292527	743
1383087291794	1383087292537	743
1383087291804	1383087292547	743
1383087291814	1383087292557	743
1383087291824	1383087292567	743
1383087291834	1383087292577	743
1383087291844	1383087292587	743
1383087291854	1383087292597	743
1383087291864	1383087292607	743
1383087291874	1383087292617	743
1383087291884	1383087292627	743
1383087291894	1383087292637	743
1383087291904	1383087292647	743
1383087291914	1383087292657	743
1383087291924	1383087292667	743
1383087291934	1383087292677	743
1383087291944	1383087292687	743
1383087291954	1383087292697	743
1383087291964	1383087292707	743
1383087291974	1383087292717	743
1383087291984	1383087292727	743
1383087291994	1383087292737	743
1383087292004	1383087292747	743
1383087292014	1383087292757	743
1383087292024	1383087292767	743
1383087292034	1383087292777	743
1383087292044	1383087292787	743
1383087292054	1383087292797	743
1383087292064	1383087292807	743
1383087292074	1383087292817	743
1383087292084	1383087292827	743
1383087292094	1383087292837	743
1383087292104	1383087292847	743
1383087292114	1383087292857	743
1383087292124	1383087292867	743
1383087292134	1383087292877	743
1383087292144	1383087292887	743
1383087292154	1383087292897	743
1383087292164	1383087292907	743
1383087292174	1383087292917	743
1383087292184	1383087292927	743
1383087292194	1383087292937	743
1383087292204	1383087292947	743
1383087292214	1383087292957	743
1383087292224	1383087292967	743
1383087292234	1383087292977	743
1383087292244	1383087292987	743
1383087292254	1383087292997	743
1383087292264	1383087293007	743
1383087292274	1383087293017	743
1383087292284	1383087293027	743
1383087292294	1383087293037	743
1383087292304	1383087293047	743
1383087292314	1383087293057	743
1383087292324	1383087293067	743
1383087292334	1383087293077	743
1383087292344	1383087293087	743
1383087292354	1383087293097	743
1383087292364	1383087293107	743
1383087292374	1383087293117	743
1383087292384	1383087293127	743
1383087292394	1383087293137	743
1383087292404	1383087293147	743
1383087292414	1383087293157	743
1383087292424	1383087293167	743
1383087292434	1383087293177	743
1383087292444	1383087293187	743
1383087292454	1383087293197	743
1383087292464	1383087293207	743
1383087292474	1383087293217	743
1383087292484	1383087293227	743
1383087292494	1383087293237	743
1383087292504	1383087293247	743
1383087292514	1383087293257	743
1383087292524	1383087293267	743
1383087292534	1383087293277	743
1383087292544	1383087293287	743
1383087292554	1383087293297	743
1383087292564	1383087293307	743
1383087292574	1383087293317	743
1383087292584	1383087293327	743
1383087292594	1383087293337	743
1383087292604	1383087293347	743
1383087292614	1383087293357	743
1383087292624	1383087293367	743
1383087292634	1383087293377	743
1383087292644	1383087293387	743
1383087292654	1383087293397	743
1383087292664	1383087293407	743
1383087292674	1383087293417	743
1383087292684	1383087293427	743
1383087292694	1383087293437	743
1383087292704	1383087293447	743
1383087292714	1383087293457	743
1383087292724	1383087293467	743
1383087292734	1383087293477	743
1383087292744	1383087293487	743
1383087292754	1383087293497	743
1383087292764	1383087293507	743
1383087292774	1383087293517	743
1383087292784	1383087293527	743
1383087292794	1383087293537	743
1383087292804	1383087293547	743
1383087292814	1383087293557	743
1383087292824	1383087293567	743
1383087292834	1383087293577	743
1383087292844	1383087293588	744
1383087292854	1383087293597	743
1383087292864	1383087293607	743
1383087292874	1383087293617	743
1383087292884	1383087293627	743
1383087292894	1383087293637	743
1383087292904	1383087293647	743
1383087292914	1383087293657	743
1383087292924	1383087293667	743
1383087292934	1383087293677	743
1383087292944	1383087293687	743
1383087292954	1383087293697	743
1383087292964	1383087293707	743
1383087292974	1383087293717	743
1383087292984	1383087293727	743
1383087292994	1383087293737	743
1383087293004	1383087293747	743
1383087293014	1383087293757	743
1383087293024	1383087293767	743
1383087293034	1383087293777	743
1383087293044	1383087293787	743
1383087293054	1383087293797	743
1383087293064	1383087293807	743
1383087293074	1383087293817	743
1383087293084	1383087293827	743
1383087293094	1383087293837	743
1383087293104	1383087293847	743
1383087293114	1383087293857	743
1383087293124	1383087293867	743
1383087293134	1383087293877	743
1383087293144	1383087293887	743
1383087293154	1383087293897	743
1383087293164	1383087293907	743
1383087293174	1383087293917	743
1383087293184	1383087293927	743
1383087293194	1383087293937	743
1383087293204	1383087293947	743
1383087293214	1383087293957	743
1383087293224	1383087293967	743
1383087293234	1383087293977	743
1383087293244	1383087293987	743
1383087293254	1383087293997	743
1383087293264	1383087294007	743
1383087293274	1383087294017	743
1383087293284	1383087294027	743
1383087293294	1383087294037	743
1383087293304	1383087294047	743
1383087293314	1383087294057	743
1383087293324	1383087294067	743
1383087293334	1383087294077	743
1383087293344	1383087294087	743
1383087293354	1383087294097	743
1383087293364	1383087294107	743
1383087293374	1383087294117	743
1383087293384	1383087294127	743
1383087293394	1383087294137	743
1383087293404	1383087294147	743
1383087293414	1383087294157	743
1383087293424	1383087294167	743
1383087293434	1383087294177	743
1383087293444	1383087294187	743
1383087293454	1383087294197	743
1383087293464	1383087294207	743
1383087293474	1383087294217	743
1383087293484	1383087294227	743
1383087293494	1383087294237	743
1383087293504	1383087294247	743
1383087293514	1383087294257	743
1383087293524	1383087294267	743
1383087293534	1383087294277	743
1383087293544	1383087294287	743
1383087293554	1383087294297	743
1383087293564	1383087294307	743
1383087293574	1383087294317	743
1383087293584	1383087294327	743
1383087293594	1383087294337	743
1383087293604	1383087294347	743
1383087293614	1383087294357	743
1383087293624	1383087294367	743
1383087293634	1383087294377	743
1383087293644	1383087294387	743
1383087293654	1383087294397	743
1383087293664	1383087294407	743
1383087293674	1383087294417	743
1383087293684	1383087294427	743
1383087293694	1383087294437	743
1383087293704	1383087294447	743
1383087293714	1383087294457	743
1383087293724	1383087294467	743
1383087293734	1383087294477	743
1383087293744	1383087294487	743
1383087293754	1383087294497	743
1383087293764	1383087294507	743
1383087293774	1383087294517	743
1383087293784	1383087294527	743
1383087293794	1383087294537	743
1383087293804	1383087294547	743
1383087293814	1383087294557	743
1383087293824	1383087294567	743
1383087293834	1383087294577	743
1383087293844	1383087294587	743
1383087293854	1383087294597	743
1383087293864	1383087294607	743
1383087293874	1383087294617	743
1383087293884	1383087294627	743
1383087293894	1383087294637	743
1383087293904	1383087294647	743
1383087293914	1383087294657	743
1383087293924	1383087294667	743
1383087293934	1383087294677	743
1383087293944	1383087294687	743
1383087293954	1383087294697	743
1383087293964	1383087294707	743
1383087293974	1383087294717	743
1383087293984	1383087294727	743
1383087293994	1383087294737	743
1383087294004	1383087294747	743
1383087294014	1383087294757	743
1383087294024	1383087294767	743
1383087294034	1383087294777	743
1383087294044	1383087294787	743
1383087294054	1383087294797	743
1383087294064	1383087294807	743
1383087294074	1383087294817	743
1383087294084	1383087294827	743
1383087294094	1383087294837	743
1383087294104	1383087294847	743
1383087294114	1383087294857	743
1383087294124	1383087294867	743
1383087294134	1383087294877	743
1383087294144	1383087294887	743
1383087294154	1383087294897	743
1383087294164	1383087294907	743
1383087294174	1383087294917	743
1383087294184	1383087294927	743
1383087294194	1383087294937	743
1383087294204	1383087294947	743
1383087294214	1383087294957	743
1383087294224	1383087294967	743
1383087294234	1383087294977	743
1383087294244	1383087294987	743
1383087294254	1383087294997	743
1383087294264	1383087295007	743
1383087294274	1383087295017	743
1383087294284	1383087295027	743
1383087294294	1383087295037	743
1383087294304	1383087295047	743
1383087294314	1383087295057	743
1383087294324	1383087295067	743
1383087294334	1383087295077	743
1383087294344	1383087295087	743
1383087294354	1383087295097	743
1383087294364	1383087295107	743
1383087294374	1383087295117	743
1383087294384	1383087295127	743
1383087294394	1383087295137	743
1383087294404	1383087295147	743
1383087294414	1383087295157	743
1383087294424	1383087295167	743
1383087294434	1383087295177	743
1383087294444	1383087295187	743
1383087294454	1383087295197	743
1383087294464	1383087295207	743
1383087294474	1383087295217	743
1383087294484	1383087295227	743
1383087294494	1383087295237	743
1383087294504	1383087295247	743
1383087294514	1383087295257	743
1383087294524	1383087295267	743
1383087294534	1383087295277	743
1383087294544	1383087295287	743
1383087294554	1383087295297	743
1383087294564	1383087295307	743
1383087294574	1383087295317	743
1383087294584	1383087295327	743
1383087294594	1383087295337	743
1383087294604	1383087295347	743
1383087294614	1383087295357	743
1383087294624	1383087295367	743
1383087294634	1383087295377	743
1383087294644	1383087295387	743
1383087294654	1383087295397	743
1383087294664	1383087295407	743
1383087294674	1383087295417	743
1383087294684	1383087295427	743
1383087294694	1383087295437	743
1383087294704	1383087295447	743
1383087294714	1383087295457	743
1383087294724	1383087295467	743
1383087294734	1383087295477	743
1383087294744	1383087295487	743
1383087294754	1383087295497	743
1383087294764	1383087295507	743
1383087294774	1383087295517	743
1383087294784	1383087295527	743
1383087294794	1383087295537	743
1383087294804	1383087295547	743
1383087294814	1383087295557	743
1383087294824	1383087295567	743
1383087294834	1383087295577	743
1383087294844	1383087295587	743
1383087294854	1383087295597	743
1383087294864	1383087295607	743
1383087294874	1383087295617	743
1383087294884	1383087295627	743
1383087294894	1383087295637	743
1383087294904	1383087295647	743
1383087294914	1383087295657	743
1383087294924	1383087295667	743
1383087294934	1383087295677	743
