# gnuplot data for packet timing
# ts	local_ts	difference
1383087064542	1383087064860	318
1383087064552	1383087064869	317
1383087064562	1383087064879	317
1383087064572	1383087064889	317
1383087064582	1383087064899	317
1383087064592	1383087064909	317
1383087064602	1383087064919	317
1383087064612	1383087064929	317
1383087064622	1383087064939	317
1383087064632	1383087064949	317
1383087064642	1383087064959	317
1383087064652	1383087064969	317
1383087064662	1383087064979	317
1383087064672	1383087065009	337
1383087064682	1383087065010	328
1383087064692	1383087065012	320
1383087064702	1383087065019	317
1383087064712	1383087065029	317
1383087064722	1383087065039	317
1383087064732	1383087065049	317
1383087064742	1383087065059	317
1383087064752	1383087065069	317
1383087064762	1383087065079	317
1383087064772	1383087065089	317
1383087064782	1383087065099	317
1383087064792	1383087065110	318
1383087064802	1383087065119	317
1383087064812	1383087065129	317
1383087064822	1383087065139	317
1383087064832	1383087065149	317
1383087064842	1383087065159	317
1383087064852	1383087065169	317
1383087064862	1383087065179	317
1383087064872	1383087065189	317
1383087064882	1383087065199	317
1383087064892	1383087065209	317
1383087064902	1383087065219	317
1383087064912	1383087065228	316
1383087064922	1383087065239	317
1383087064932	1383087065248	316
1383087064942	1383087065259	317
1383087064952	1383087065269	317
1383087064962	1383087065279	317
1383087064972	1383087065289	317
1383087064982	1383087065299	317
1383087064992	1383087065310	318
1383087065002	1383087065319	317
1383087065012	1383087065329	317
1383087065022	1383087065339	317
1383087065032	1383087065377	345
1383087065042	1383087065378	336
1383087065052	1383087065381	329
1383087065062	1383087065382	320
1383087065072	1383087065389	317
1383087065082	1383087065400	318
1383087065092	1383087065410	318
1383087065102	1383087065420	318
1383087065112	1383087065430	318
1383087065122	1383087065439	317
1383087065132	1383087065450	318
1383087065142	1383087065460	318
1383087065152	1383087065469	317
1383087065162	1383087065479	317
1383087065172	1383087065490	318
1383087065182	1383087065499	317
1383087065192	1383087065509	317
1383087065202	1383087065520	318
1383087065212	1383087065530	318
1383087065222	1383087065541	319
1383087065232	1383087065549	317
1383087065242	1383087065559	317
1383087065252	1383087065569	317
1383087065262	1383087065580	318
1383087065272	1383087065589	317
1383087065282	1383087065599	317
1383087065292	1383087065610	318
1383087065302	1383087065620	318
1383087065312	1383087065630	318
1383087065322	1383087065639	317
1383087065332	1383087065650	318
1383087065342	1383087065659	317
1383087065352	1383087065669	317
1383087065362	1383087065679	317
1383087065372	1383087065691	319
1383087065382	1383087065700	318
1383087065392	1383087065711	319
1383087065402	1383087065719	317
1383087065412	1383087065731	319
1383087065422	1383087065739	317
1383087065432	1383087065750	318
1383087065442	1383087065760	318
1383087065452	1383087065770	318
1383087065462	1383087065780	318
1383087065472	1383087065790	318
1383087065482	1383087065800	318
1383087065492	1383087065810	318
1383087065502	1383087065820	318
1383087065512	1383087065830	318
1383087065522	1383087065839	317
1383087065532	1383087065850	318
1383087065542	1383087065859	317
1383087065552	1383087065870	318
1383087065562	1383087065880	318
1383087065572	1383087065889	317
1383087065582	1383087065900	318
1383087065592	1383087065910	318
1383087065602	1383087065920	318
1383087065612	1383087065929	317
1383087065622	1383087065939	317
1383087065632	1383087065950	318
1383087065642	1383087065960	318
1383087065652	1383087065969	317
1383087065662	1383087065979	317
1383087065672	1383087065989	317
1383087065682	1383087065999	317
1383087065692	1383087066009	317
1383087065702	1383087066020	318
1383087065712	1383087066029	317
1383087065722	1383087066039	317
1383087065732	1383087066050	318
1383087065742	1383087066059	317
1383087065752	1383087066069	317
1383087065762	1383087066079	317
1383087065772	1383087066090	318
1383087065782	1383087066100	318
1383087065792	1383087066109	317
1383087065802	1383087066119	317
1383087065812	1383087066130	318
1383087065822	1383087066139	317
1383087065832	1383087066149	317
1383087065842	1383087066173	331
1383087065852	1383087066174	322
1383087065862	1383087066179	317
1383087065872	1383087066190	318
1383087065882	1383087066200	318
1383087065892	1383087066209	317
1383087065902	1383087066219	317
1383087065912	1383087066230	318
1383087065922	1383087066239	317
1383087065932	1383087066249	317
1383087065942	1383087066259	317
1383087065952	1383087066269	317
1383087065962	1383087066279	317
1383087065972	1383087066290	318
1383087065982	1383087066299	317
1383087065992	1383087066309	317
1383087066002	1383087066318	316
1383087066012	1383087066329	317
1383087066022	1383087066339	317
1383087066032	1383087066350	318
1383087066042	1383087066359	317
1383087066052	1383087066369	317
1383087066062	1383087066380	318
1383087066072	1383087066390	318
1383087066082	1383087066399	317
1383087066092	1383087066409	317
1383087066102	1383087066419	317
1383087066112	1383087066429	317
1383087066122	1383087066440	318
1383087066132	1383087066449	317
1383087066142	1383087066459	317
1383087066152	1383087066469	317
1383087066162	1383087066479	317
1383087066172	1383087066488	316
1383087066182	1383087066499	317
1383087066192	1383087066509	317
1383087066202	1383087066519	317
1383087066212	1383087066529	317
1383087066222	1383087066539	317
1383087066232	1383087066549	317
1383087066242	1383087066559	317
1383087066252	1383087066569	317
1383087066262	1383087066579	317
1383087066272	1383087066589	317
1383087066282	1383087066599	317
1383087066292	1383087066610	318
1383087066302	1383087066619	317
1383087066312	1383087066630	318
1383087066322	1383087066639	317
1383087066332	1383087066649	317
1383087066342	1383087066659	317
1383087066352	1383087066670	318
1383087066362	1383087066679	317
1383087066372	1383087066689	317
1383087066382	1383087066699	317
1383087066392	1383087066709	317
1383087066402	1383087066719	317
1383087066412	1383087066730	318
1383087066422	1383087066739	317
1383087066432	1383087066750	318
1383087066442	1383087066759	317
1383087066452	1383087066769	317
1383087066462	1383087066779	317
1383087066472	1383087066789	317
1383087066482	1383087066799	317
1383087066492	1383087066809	317
1383087066502	1383087066819	317
1383087066512	1383087066829	317
1383087066522	1383087066839	317
1383087066532	1383087066849	317
1383087066542	1383087066859	317
1383087066552	1383087066869	317
1383087066562	1383087066879	317
1383087066572	1383087066889	317
1383087066582	1383087066899	317
1383087066592	1383087066910	318
1383087066602	1383087066919	317
1383087066612	1383087066929	317
1383087066622	1383087066940	318
1383087066632	1383087066949	317
1383087066642	1383087066959	317
1383087066652	1383087066969	317
1383087066662	1383087066979	317
1383087066672	1383087066989	317
1383087066682	1383087066999	317
1383087066692	1383087067009	317
1383087066702	1383087067019	317
1383087066712	1383087067029	317
1383087066722	1383087067039	317
1383087066732	1383087067049	317
1383087066742	1383087067059	317
1383087066752	1383087067069	317
1383087066762	1383087067079	317
1383087066772	1383087067089	317
1383087066782	1383087067099	317
1383087066792	1383087067109	317
1383087066802	1383087067119	317
1383087066812	1383087067129	317
1383087066822	1383087067139	317
1383087066832	1383087067149	317
1383087066842	1383087067159	317
1383087066852	1383087067169	317
1383087066862	1383087067179	317
1383087066872	1383087067190	318
1383087066882	1383087067199	317
1383087066892	1383087067209	317
1383087066902	1383087067219	317
1383087066912	1383087067229	317
1383087066922	1383087067240	318
1383087066932	1383087067249	317
1383087066942	1383087067259	317
1383087066952	1383087067269	317
1383087066962	1383087067279	317
1383087066972	1383087067289	317
1383087066982	1383087067299	317
1383087066992	1383087067309	317
1383087067002	1383087067319	317
1383087067012	1383087067329	317
1383087067022	1383087067340	318
1383087067032	1383087067349	317
1383087067042	1383087067359	317
1383087067052	1383087067370	318
1383087067062	1383087067379	317
1383087067072	1383087067389	317
1383087067082	1383087067399	317
1383087067092	1383087067409	317
1383087067102	1383087067419	317
1383087067112	1383087067429	317
1383087067122	1383087067440	318
1383087067132	1383087067449	317
1383087067142	1383087067459	317
1383087067152	1383087067469	317
1383087067162	1383087067492	330
1383087067172	1383087067493	321
1383087067182	1383087067499	317
1383087067192	1383087067509	317
1383087067202	1383087067519	317
1383087067212	1383087067529	317
1383087067222	1383087067539	317
1383087067232	1383087067549	317
1383087067242	1383087067560	318
1383087067252	1383087067569	317
1383087067262	1383087067579	317
1383087067272	1383087067590	318
1383087067282	1383087067599	317
1383087067292	1383087067609	317
1383087067302	1383087067619	317
1383087067312	1383087067629	317
1383087067322	1383087067639	317
1383087067332	1383087067649	317
1383087067342	1383087067659	317
1383087067352	1383087067669	317
1383087067362	1383087067679	317
1383087067372	1383087067690	318
1383087067382	1383087067699	317
1383087067392	1383087067709	317
1383087067402	1383087067719	317
1383087067412	1383087067729	317
1383087067422	1383087067740	318
1383087067432	1383087067749	317
1383087067442	1383087067759	317
1383087067452	1383087067769	317
1383087067462	1383087067780	318
1383087067472	1383087067789	317
1383087067482	1383087067818	336
1383087067492	1383087067819	327
1383087067502	1383087067823	321
1383087067512	1383087067830	318
1383087067522	1383087067839	317
1383087067532	1383087067849	317
1383087067542	1383087067859	317
1383087067552	1383087067870	318
1383087067562	1383087067880	318
1383087067572	1383087067889	317
1383087067582	1383087067899	317
1383087067592	1383087067909	317
1383087067602	1383087067920	318
1383087067612	1383087067929	317
1383087067622	1383087067939	317
1383087067632	1383087067950	318
1383087067642	1383087067959	317
1383087067652	1383087067969	317
1383087067662	1383087067979	317
1383087067672	1383087067989	317
1383087067682	1383087068000	318
1383087067692	1383087068009	317
1383087067702	1383087068019	317
1383087067712	1383087068029	317
1383087067722	1383087068040	318
1383087067732	1383087068049	317
1383087067742	1383087068059	317
1383087067752	1383087068069	317
1383087067762	1383087068079	317
1383087067772	1383087068089	317
1383087067782	1383087068099	317
1383087067792	1383087068109	317
1383087067802	1383087068119	317
1383087067812	1383087068129	317
1383087067822	1383087068140	318
1383087067832	1383087068149	317
1383087067842	1383087068159	317
1383087067852	1383087068169	317
1383087067862	1383087068179	317
1383087067872	1383087068189	317
1383087067882	1383087068199	317
1383087067892	1383087068209	317
1383087067902	1383087068219	317
1383087067912	1383087068256	344
1383087067922	1383087068257	335
1383087067932	1383087068260	328
1383087067942	1383087068261	319
1383087067952	1383087068270	318
1383087067962	1383087068280	318
1383087067972	1383087068290	318
1383087067982	1383087068300	318
1383087067992	1383087068310	318
1383087068002	1383087068320	318
1383087068012	1383087068329	317
1383087068022	1383087068339	317
1383087068032	1383087068349	317
1383087068042	1383087068360	318
1383087068052	1383087068370	318
1383087068062	1383087068379	317
1383087068072	1383087068389	317
1383087068082	1383087068400	318
1383087068092	1383087068409	317
1383087068102	1383087068419	317
1383087068112	1383087068430	318
1383087068122	1383087068439	317
1383087068132	1383087068449	317
1383087068142	1383087068459	317
1383087068152	1383087068469	317
1383087068162	1383087068480	318
1383087068172	1383087068490	318
1383087068182	1383087068500	318
1383087068192	1383087068509	317
1383087068202	1383087068519	317
1383087068212	1383087068530	318
1383087068222	1383087068540	318
1383087068232	1383087068550	318
1383087068242	1383087068561	319
1383087068252	1383087068569	317
1383087068262	1383087068579	317
1383087068272	1383087068590	318
1383087068282	1383087068599	317
1383087068292	1383087068610	318
1383087068302	1383087068619	317
1383087068312	1383087068630	318
1383087068322	1383087068640	318
1383087068332	1383087068649	317
1383087068342	1383087068660	318
1383087068352	1383087068670	318
1383087068362	1383087068698	336
1383087068372	1383087068699	327
1383087068382	1383087068701	319
1383087068392	1383087068709	317
1383087068402	1383087068719	317
1383087068412	1383087068729	317
1383087068422	1383087068740	318
1383087068432	1383087068750	318
1383087068442	1383087068759	317
1383087068452	1383087068769	317
1383087068462	1383087068779	317
1383087068472	1383087068790	318
1383087068482	1383087068799	317
1383087068492	1383087068809	317
1383087068502	1383087068819	317
1383087068512	1383087068829	317
1383087068522	1383087068839	317
1383087068532	1383087068849	317
1383087068542	1383087068859	317
1383087068552	1383087068869	317
1383087068562	1383087068879	317
1383087068572	1383087068889	317
1383087068582	1383087068899	317
1383087068592	1383087068909	317
1383087068602	1383087068919	317
1383087068612	1383087068929	317
1383087068622	1383087068940	318
1383087068632	1383087068949	317
1383087068642	1383087068959	317
1383087068652	1383087068969	317
1383087068662	1383087068980	318
1383087068672	1383087068989	317
1383087068682	1383087068999	317
1383087068692	1383087069009	317
1383087068702	1383087069036	334
1383087068712	1383087069037	325
1383087068722	1383087069040	318
1383087068732	1383087069049	317
1383087068742	1383087069059	317
1383087068752	1383087069069	317
1383087068762	1383087069079	317
1383087068772	1383087069089	317
1383087068782	1383087069099	317
1383087068792	1383087069109	317
1383087068802	1383087069119	317
1383087068812	1383087069129	317
1383087068822	1383087069139	317
1383087068832	1383087069149	317
1383087068842	1383087069159	317
1383087068852	1383087069169	317
1383087068862	1383087069179	317
1383087068872	1383087069189	317
1383087068882	1383087069199	317
1383087068892	1383087069209	317
1383087068902	1383087069219	317
1383087068912	1383087069229	317
1383087068922	1383087069239	317
1383087068932	1383087069250	318
1383087068942	1383087069259	317
1383087068952	1383087069269	317
1383087068962	1383087069279	317
1383087068972	1383087069290	318
1383087068982	1383087069299	317
1383087068992	1383087069309	317
1383087069002	1383087069319	317
1383087069012	1383087069329	317
1383087069022	1383087069339	317
1383087069032	1383087069349	317
1383087069042	1383087069359	317
1383087069052	1383087069370	318
1383087069062	1383087069379	317
1383087069072	1383087069389	317
1383087069082	1383087069399	317
1383087069092	1383087069409	317
1383087069102	1383087069419	317
1383087069112	1383087069429	317
1383087069122	1383087069439	317
1383087069132	1383087069449	317
1383087069142	1383087069459	317
1383087069152	1383087069469	317
1383087069162	1383087069479	317
1383087069172	1383087069489	317
1383087069182	1383087069499	317
1383087069192	1383087069510	318
1383087069202	1383087069519	317
1383087069212	1383087069531	319
1383087069222	1383087069539	317
1383087069232	1383087069549	317
1383087069242	1383087069559	317
1383087069252	1383087069569	317
1383087069262	1383087069579	317
1383087069272	1383087069589	317
1383087069282	1383087069600	318
1383087069292	1383087069609	317
1383087069302	1383087069619	317
1383087069312	1383087069629	317
1383087069322	1383087069639	317
1383087069332	1383087069649	317
1383087069342	1383087069659	317
1383087069352	1383087069670	318
1383087069362	1383087069679	317
1383087069372	1383087069689	317
1383087069382	1383087069700	318
1383087069392	1383087069710	318
1383087069402	1383087069719	317
1383087069412	1383087069729	317
1383087069422	1383087069739	317
1383087069432	1383087069749	317
1383087069442	1383087069759	317
1383087069452	1383087069769	317
1383087069462	1383087069779	317
1383087069472	1383087069790	318
1383087069482	1383087069799	317
1383087069492	1383087069809	317
1383087069502	1383087069820	318
1383087069512	1383087069829	317
1383087069522	1383087069840	318
1383087069532	1383087069849	317
1383087069542	1383087069859	317
1383087069552	1383087069869	317
1383087069562	1383087069879	317
1383087069572	1383087069889	317
1383087069582	1383087069899	317
1383087069592	1383087069909	317
1383087069602	1383087069919	317
1383087069612	1383087069929	317
1383087069622	1383087069939	317
1383087069632	1383087069949	317
1383087069642	1383087069959	317
1383087069652	1383087069969	317
1383087069662	1383087069980	318
1383087069672	1383087069989	317
1383087069682	1383087070000	318
1383087069692	1383087070009	317
1383087069702	1383087070019	317
1383087069712	1383087070029	317
1383087069722	1383087070040	318
1383087069732	1383087070049	317
1383087069742	1383087070059	317
1383087069752	1383087070069	317
1383087069762	1383087070194	432
1383087069772	1383087070195	423
1383087069782	1383087070200	418
1383087069792	1383087070201	409
1383087069802	1383087070205	403
1383087069812	1383087070206	394
1383087069822	1383087070210	388
1383087069832	1383087070211	379
1383087069842	1383087070214	372
1383087069852	1383087070218	366
1383087069862	1383087070219	357
1383087069872	1383087070221	349
1383087069882	1383087070224	342
1383087069892	1383087070225	333
1383087069902	1383087070228	326
1383087069912	1383087070231	319
1383087069922	1383087070239	317
1383087069932	1383087070365	433
1383087069942	1383087070405	463
1383087069952	1383087070409	457
1383087069962	1383087070409	447
1383087069972	1383087070538	566
1383087069982	1383087070539	557
1383087069992	1383087070541	549
1383087070002	1383087070545	543
1383087070012	1383087070546	534
1383087070022	1383087070549	527
1383087070032	1383087070552	520
1383087070042	1383087070553	511
1383087070052	1383087070555	503
1383087070062	1383087070559	497
1383087070072	1383087070560	488
1383087070082	1383087070563	481
1383087070092	1383087070567	475
1383087070102	1383087070568	466
1383087070112	1383087070570	458
1383087070122	1383087070574	452
1383087070132	1383087070574	442
1383087070142	1383087070577	435
1383087070152	1383087070680	528
1383087070162	1383087070681	519
1383087070172	1383087070684	512
1383087070182	1383087070685	503
1383087070192	1383087070688	496
1383087070202	1383087070689	487
1383087070212	1383087070692	480
1383087070222	1383087070693	471
1383087070232	1383087070697	465
1383087070242	1383087070698	456
1383087070252	1383087070701	449
1383087070262	1383087070702	440
1383087070272	1383087070704	432
1383087070282	1383087070705	423
1383087070292	1383087070707	415
1383087070302	1383087070708	406
1383087070312	1383087070710	398
1383087070322	1383087070711	389
1383087070332	1383087070714	382
1383087070342	1383087070715	373
1383087070352	1383087070718	366
1383087070362	1383087070719	357
1383087070372	1383087070722	350
1383087070382	1383087070723	341
1383087070392	1383087070725	333
1383087070402	1383087070844	442
1383087070412	1383087070846	434
1383087070422	1383087070848	426
1383087070432	1383087070849	417
1383087070442	1383087070851	409
1383087070452	1383087070852	400
1383087070462	1383087070854	392
1383087070472	1383087070855	383
1383087070482	1383087070874	392
1383087070492	1383087070875	383
1383087070502	1383087070877	375
1383087070512	1383087070879	367
1383087070522	1383087070881	359
1383087070532	1383087070882	350
1383087070542	1383087070884	342
1383087070552	1383087070885	333
1383087070562	1383087070888	326
1383087070572	1383087071007	435
1383087070582	1383087071009	427
1383087070592	1383087071011	419
1383087070602	1383087071012	410
1383087070612	1383087071015	403
1383087070622	1383087071016	394
1383087070632	1383087071018	386
1383087070642	1383087071019	377
1383087070652	1383087071022	370
1383087070662	1383087071023	361
1383087070672	1383087071026	354
1383087070682	1383087071027	345
1383087070692	1383087071029	337
1383087070702	1383087071030	328
1383087070712	1383087071033	321
1383087070722	1383087071039	317
1383087070732	1383087071049	317
1383087070742	1383087071106	364
1383087070752	1383087071107	355
1383087070762	1383087071113	351
1383087070772	1383087071114	342
1383087070782	1383087071117	335
1383087070792	1383087071120	328
1383087070802	1383087071120	318
1383087070812	1383087071129	317
1383087070822	1383087071139	317
1383087070832	1383087071149	317
1383087070842	1383087071269	427
1383087070852	1383087071271	419
1383087070862	1383087071275	413
1383087070872	1383087071276	404
1383087070882	1383087071280	398
1383087070892	1383087071281	389
1383087070902	1383087071283	381
1383087070912	1383087071286	374
1383087070922	1383087071287	365
1383087070932	1383087071290	358
1383087070942	1383087071293	351
1383087070952	1383087071294	342
1383087070962	1383087071296	334
1383087070972	1383087071299	327
1383087070982	1383087071300	318
1383087070992	1383087071309	317
1383087071002	1383087071432	430
1383087071012	1383087071433	421
1383087071022	1383087071437	415
1383087071032	1383087071438	406
1383087071042	1383087071442	400
1383087071052	1383087071443	391
1383087071062	1383087071447	385
1383087071072	1383087071448	376
1383087071082	1383087071450	368
1383087071092	1383087071453	361
1383087071102	1383087071454	352
1383087071112	1383087071456	344
1383087071122	1383087071459	337
1383087071132	1383087071460	328
1383087071142	1383087071462	320
1383087071152	1383087071469	317
1383087071162	1383087071595	433
1383087071172	1383087071597	425
1383087071182	1383087071600	418
1383087071192	1383087071601	409
1383087071202	1383087071605	403
1383087071212	1383087071606	394
1383087071222	1383087071611	389
1383087071232	1383087071611	379
1383087071242	1383087071616	374
1383087071252	1383087071617	365
1383087071262	1383087071621	359
1383087071272	1383087071622	350
1383087071282	1383087071624	342
1383087071292	1383087071627	335
1383087071302	1383087071628	326
1383087071312	1383087071632	320
1383087071322	1383087071639	317
1383087071332	1383087071720	388
1383087071342	1383087071722	380
1383087071352	1383087071726	374
1383087071362	1383087071727	365
1383087071372	1383087071729	357
1383087071382	1383087071733	351
1383087071392	1383087071734	342
1383087071402	1383087071736	334
1383087071412	1383087071740	328
1383087071422	1383087071741	319
1383087071432	1383087071749	317
1383087071442	1383087071759	317
1383087071452	1383087071883	431
1383087071462	1383087071884	422
1383087071472	1383087071888	416
1383087071482	1383087071889	407
1383087071492	1383087071894	402
1383087071502	1383087071894	392
1383087071512	1383087071898	386
1383087071522	1383087071899	377
1383087071532	1383087071901	369
1383087071542	1383087071905	363
1383087071552	1383087071905	353
1383087071562	1383087071908	346
1383087071572	1383087071911	339
1383087071582	1383087071912	330
1383087071592	1383087071915	323
1383087071602	1383087071919	317
1383087071612	1383087071929	317
1383087071622	1383087072047	425
1383087071632	1383087072049	417
1383087071642	1383087072053	411
1383087071652	1383087072054	402
1383087071662	1383087072056	394
1383087071672	1383087072060	388
1383087071682	1383087072061	379
1383087071692	1383087072063	371
1383087071702	1383087072067	365
1383087071712	1383087072068	356
1383087071722	1383087072070	348
1383087071732	1383087072073	341
1383087071742	1383087072100	358
1383087071752	1383087072101	349
1383087071762	1383087072213	451
1383087071772	1383087072215	443
1383087071782	1383087072217	435
1383087071792	1383087072220	428
1383087071802	1383087072221	419
1383087071812	1383087072223	411
1383087071822	1383087072226	404
1383087071832	1383087072227	395
1383087071842	1383087072229	387
1383087071852	1383087072233	381
1383087071862	1383087072234	372
1383087071872	1383087072237	365
1383087071882	1383087072240	358
1383087071892	1383087072241	349
1383087071902	1383087072243	341
1383087071912	1383087072247	335
1383087071922	1383087072248	326
1383087071932	1383087072250	318
1383087071942	1383087072374	432
1383087071952	1383087072375	423
1383087071962	1383087072378	416
1383087071972	1383087072379	407
1383087071982	1383087072384	402
1383087071992	1383087072384	392
1383087072002	1383087072389	387
1383087072012	1383087072390	378
1383087072022	1383087072392	370
1383087072032	1383087072395	363
1383087072042	1383087072396	354
1383087072052	1383087072398	346
1383087072062	1383087072402	340
1383087072072	1383087072402	330
1383087072082	1383087072405	323
1383087072092	1383087072409	317
1383087072102	1383087072537	435
1383087072112	1383087072538	426
1383087072122	1383087072541	419
1383087072132	1383087072544	412
1383087072142	1383087072545	403
1383087072152	1383087072548	396
1383087072162	1383087072551	389
1383087072172	1383087072552	380
1383087072182	1383087072554	372
1383087072192	1383087072558	366
1383087072202	1383087072559	357
1383087072212	1383087072561	349
1383087072222	1383087072565	343
1383087072232	1383087072565	333
1383087072242	1383087072568	326
1383087072252	1383087072571	319
1383087072262	1383087072579	317
1383087072272	1383087072699	427
1383087072282	1383087072741	459
1383087072292	1383087072744	452
1383087072302	1383087072745	443
1383087072312	1383087072748	436
1383087072322	1383087072752	430
1383087072332	1383087072752	420
1383087072342	1383087072758	416
1383087072352	1383087072761	409
1383087072362	1383087072762	400
1383087072372	1383087072765	393
1383087072382	1383087072768	386
1383087072392	1383087072769	377
1383087072402	1383087072772	370
1383087072412	1383087072775	363
1383087072422	1383087072776	354
1383087072432	1383087072779	347
1383087072442	1383087072783	341
1383087072452	1383087072784	332
1383087072462	1383087072786	324
1383087072472	1383087072790	318
1383087072482	1383087072799	317
1383087072492	1383087072809	317
1383087072502	1383087072819	317
1383087072512	1383087072830	318
1383087072522	1383087072839	317
1383087072532	1383087072849	317
1383087072542	1383087072860	318
1383087072552	1383087072869	317
1383087072562	1383087072879	317
1383087072572	1383087072890	318
1383087072582	1383087072899	317
1383087072592	1383087072909	317
1383087072602	1383087072920	318
1383087072612	1383087072929	317
1383087072622	1383087072939	317
1383087072632	1383087072968	336
1383087072642	1383087072969	327
1383087072652	1383087072972	320
1383087072662	1383087072980	318
1383087072672	1383087072989	317
1383087072682	1383087072999	317
1383087072692	1383087073008	316
1383087072702	1383087073019	317
1383087072712	1383087073029	317
1383087072722	1383087073039	317
1383087072732	1383087073050	318
1383087072742	1383087073059	317
1383087072752	1383087073069	317
1383087072762	1383087073079	317
1383087072772	1383087073089	317
1383087072782	1383087073099	317
1383087072792	1383087073109	317
1383087072802	1383087073119	317
1383087072812	1383087073129	317
1383087072822	1383087073139	317
1383087072832	1383087073149	317
1383087072842	1383087073159	317
1383087072852	1383087073169	317
1383087072862	1383087073179	317
1383087072872	1383087073189	317
1383087072882	1383087073199	317
1383087072892	1383087073209	317
1383087072902	1383087073219	317
1383087072912	1383087073229	317
1383087072922	1383087073239	317
1383087072932	1383087073249	317
1383087072942	1383087073259	317
1383087072952	1383087073268	316
1383087072962	1383087073280	318
1383087072972	1383087073289	317
1383087072982	1383087073299	317
1383087072992	1383087073310	318
1383087073002	1383087073319	317
1383087073012	1383087073329	317
1383087073022	1383087073339	317
1383087073032	1383087073349	317
1383087073042	1383087073359	317
1383087073052	1383087073368	316
1383087073062	1383087073379	317
1383087073072	1383087073389	317
1383087073082	1383087073399	317
1383087073092	1383087073433	341
1383087073102	1383087073434	332
1383087073112	1383087073437	325
1383087073122	1383087073440	318
1383087073132	1383087073450	318
1383087073142	1383087073460	318
1383087073152	1383087073469	317
1383087073162	1383087073480	318
1383087073172	1383087073489	317
1383087073182	1383087073500	318
1383087073192	1383087073509	317
1383087073202	1383087073519	317
1383087073212	1383087073529	317
1383087073222	1383087073539	317
1383087073232	1383087073549	317
1383087073242	1383087073559	317
1383087073252	1383087073569	317
1383087073262	1383087073580	318
1383087073272	1383087073589	317
1383087073282	1383087073599	317
1383087073292	1383087073610	318
1383087073302	1383087073619	317
1383087073312	1383087073629	317
1383087073322	1383087073639	317
1383087073332	1383087073649	317
1383087073342	1383087073660	318
1383087073352	1383087073669	317
1383087073362	1383087073679	317
1383087073372	1383087073689	317
1383087073382	1383087073700	318
1383087073392	1383087073710	318
1383087073402	1383087073719	317
1383087073412	1383087073729	317
1383087073422	1383087073739	317
1383087073432	1383087073749	317
1383087073442	1383087073760	318
1383087073452	1383087073769	317
1383087073462	1383087073779	317
1383087073472	1383087073789	317
1383087073482	1383087073799	317
1383087073492	1383087073809	317
1383087073502	1383087073819	317
1383087073512	1383087073830	318
1383087073522	1383087073840	318
1383087073532	1383087073849	317
1383087073542	1383087073860	318
1383087073552	1383087073870	318
1383087073562	1383087073879	317
1383087073572	1383087073889	317
1383087073581	1383087073899	318
1383087073592	1383087073909	317
1383087073602	1383087073919	317
1383087073611	1383087073929	318
1383087073622	1383087073940	318
1383087073631	1383087073949	318
1383087073642	1383087073960	318
1383087073652	1383087073970	318
1383087073662	1383087073980	318
1383087073672	1383087073989	317
1383087073682	1383087073999	317
1383087073692	1383087074009	317
1383087073702	1383087074019	317
1383087073712	1383087074030	318
1383087073722	1383087074040	318
1383087073732	1383087074049	317
1383087073742	1383087074060	318
1383087073752	1383087074070	318
1383087073761	1383087074079	318
1383087073772	1383087074089	317
1383087073782	1383087074100	318
1383087073792	1383087074110	318
1383087073802	1383087074119	317
1383087073812	1383087074129	317
1383087073822	1383087074139	317
1383087073832	1383087074150	318
1383087073842	1383087074160	318
1383087073852	1383087074169	317
1383087073862	1383087074179	317
1383087073872	1383087074190	318
1383087073882	1383087074199	317
1383087073892	1383087074209	317
1383087073902	1383087074220	318
1383087073912	1383087074229	317
1383087073922	1383087074239	317
1383087073932	1383087074250	318
1383087073942	1383087074259	317
1383087073952	1383087074269	317
1383087073962	1383087074279	317
1383087073971	1383087074289	318
1383087073982	1383087074300	318
1383087073992	1383087074310	318
1383087074002	1383087074319	317
1383087074012	1383087074329	317
1383087074022	1383087074340	318
1383087074031	1383087074350	319
1383087074042	1383087074359	317
1383087074052	1383087074370	318
1383087074062	1383087074379	317
1383087074071	1383087074389	318
1383087074082	1383087074400	318
1383087074091	1383087074410	319
1383087074102	1383087074419	317
1383087074112	1383087074430	318
1383087074122	1383087074440	318
1383087074132	1383087074450	318
1383087074142	1383087074460	318
1383087074152	1383087074470	318
1383087074162	1383087074479	317
1383087074172	1383087074489	317
1383087074182	1383087074499	317
1383087074192	1383087074510	318
1383087074202	1383087074519	317
1383087074211	1383087074529	318
1383087074222	1383087074539	317
1383087074232	1383087074549	317
1383087074242	1383087074559	317
1383087074252	1383087074569	317
1383087074262	1383087074580	318
1383087074272	1383087074589	317
1383087074282	1383087074599	317
1383087074292	1383087074610	318
1383087074302	1383087074620	318
1383087074312	1383087074629	317
1383087074322	1383087074639	317
1383087074332	1383087074649	317
1383087074342	1383087074659	317
1383087074352	1383087074669	317
1383087074362	1383087074680	318
1383087074372	1383087074690	318
1383087074382	1383087074699	317
1383087074392	1383087074710	318
1383087074402	1383087074719	317
1383087074412	1383087074729	317
1383087074422	1383087074739	317
1383087074432	1383087074750	318
1383087074442	1383087074759	317
1383087074452	1383087074769	317
1383087074462	1383087074779	317
1383087074472	1383087074790	318
1383087074482	1383087074799	317
1383087074491	1383087074810	319
1383087074501	1383087074820	319
1383087074512	1383087074830	318
1383087074522	1383087074840	318
1383087074532	1383087074849	317
1383087074542	1383087074859	317
1383087074552	1383087074869	317
1383087074562	1383087074879	317
1383087074572	1383087074890	318
1383087074581	1383087074899	318
1383087074592	1383087074910	318
1383087074601	1383087074919	318
1383087074612	1383087074930	318
1383087074621	1383087074940	319
1383087074631	1383087074950	319
1383087074641	1383087074959	318
1383087074652	1383087074969	317
1383087074662	1383087074979	317
1383087074672	1383087074990	318
1383087074681	1383087074999	318
1383087074692	1383087075010	318
1383087074701	1383087075019	318
1383087074711	1383087075030	319
1383087074721	1383087075040	319
1383087074732	1383087075049	317
1383087074741	1383087075059	318
1383087074751	1383087075070	319
1383087074762	1383087075079	317
1383087074772	1383087075089	317
1383087074782	1383087075099	317
1383087074792	1383087075110	318
1383087074802	1383087075120	318
1383087074812	1383087075130	318
1383087074822	1383087075139	317
1383087074832	1383087075149	317
1383087074841	1383087075159	318
1383087074852	1383087075170	318
1383087074861	1383087075179	318
1383087074872	1383087075189	317
1383087074882	1383087075200	318
1383087074891	1383087075224	333
1383087074902	1383087075225	323
1383087074911	1383087075229	318
1383087074921	1383087075239	318
1383087074931	1383087075250	319
1383087074942	1383087075259	317
1383087074952	1383087075269	317
1383087074961	1383087075279	318
1383087074972	1383087075289	317
1383087074981	1383087075299	318
1383087074992	1383087075310	318
1383087075001	1383087075319	318
1383087075012	1383087075329	317
1383087075021	1383087075339	318
1383087075031	1383087075349	318
1383087075042	1383087075359	317
1383087075052	1383087075369	317
1383087075061	1383087075379	318
1383087075071	1383087075389	318
1383087075081	1383087075399	318
1383087075091	1383087075409	318
1383087075102	1383087075419	317
1383087075112	1383087075429	317
1383087075122	1383087075438	316
1383087075131	1383087075450	319
1383087075141	1383087075459	318
1383087075152	1383087075469	317
1383087075162	1383087075480	318
1383087075172	1383087075489	317
1383087075181	1383087075549	368
1383087075192	1383087075550	358
1383087075202	1383087075553	351
1383087075212	1383087075554	342
1383087075222	1383087075557	335
1383087075232	1383087075558	326
1383087075241	1383087075560	319
1383087075252	1383087075568	316
1383087075262	1383087075579	317
1383087075272	1383087075589	317
1383087075281	1383087075599	318
1383087075291	1383087075610	319
1383087075301	1383087075620	319
1383087075312	1383087075629	317
1383087075321	1383087075639	318
1383087075332	1383087075650	318
1383087075341	1383087075659	318
1383087075352	1383087075670	318
1383087075362	1383087075679	317
1383087075372	1383087075689	317
1383087075382	1383087075700	318
1383087075391	1383087075710	319
1383087075401	1383087075719	318
1383087075412	1383087075729	317
1383087075422	1383087075740	318
1383087075431	1383087075750	319
1383087075442	1383087075759	317
1383087075452	1383087075770	318
1383087075462	1383087075779	317
1383087075472	1383087075789	317
1383087075482	1383087075800	318
1383087075491	1383087075809	318
1383087075501	1383087075820	319
1383087075512	1383087075830	318
1383087075521	1383087075839	318
1383087075532	1383087075850	318
1383087075541	1383087075860	319
1383087075551	1383087075870	319
1383087075561	1383087075879	318
1383087075571	1383087075889	318
1383087075581	1383087075899	318
1383087075591	1383087075909	318
1383087075601	1383087075919	318
1383087075611	1383087075929	318
1383087075621	1383087075939	318
1383087075631	1383087075949	318
1383087075641	1383087075960	319
1383087075651	1383087075969	318
1383087075661	1383087075980	319
1383087075671	1383087075989	318
1383087075681	1383087075999	318
1383087075691	1383087076009	318
1383087075701	1383087076019	318
1383087075711	1383087076029	318
1383087075721	1383087076039	318
1383087075731	1383087076049	318
1383087075741	1383087076060	319
1383087075751	1383087076069	318
1383087075761	1383087076080	319
1383087075771	1383087076090	319
1383087075781	1383087076099	318
1383087075791	1383087076109	318
1383087075801	1383087076119	318
1383087075811	1383087076129	318
1383087075821	1383087076140	319
1383087075831	1383087076150	319
1383087075841	1383087076159	318
1383087075851	1383087076169	318
1383087075861	1383087076179	318
1383087075871	1383087076189	318
1383087075881	1383087076200	319
1383087075891	1383087076233	342
1383087075901	1383087076234	333
1383087075912	1383087076237	325
1383087075921	1383087076239	318
1383087075931	1383087076249	318
1383087075941	1383087076260	319
1383087075951	1383087076269	318
1383087075961	1383087076279	318
1383087075971	1383087076289	318
1383087075981	1383087076300	319
1383087075991	1383087076309	318
1383087076002	1383087076320	318
1383087076011	1383087076329	318
1383087076021	1383087076339	318
1383087076031	1383087076350	319
1383087076041	1383087076360	319
1383087076051	1383087076369	318
1383087076061	1383087076380	319
1383087076071	1383087076389	318
1383087076081	1383087076400	319
1383087076091	1383087076409	318
1383087076101	1383087076419	318
1383087076111	1383087076429	318
1383087076121	1383087076440	319
1383087076131	1383087076450	319
1383087076141	1383087076459	318
1383087076151	1383087076469	318
1383087076161	1383087076480	319
1383087076171	1383087076489	318
1383087076181	1383087076500	319
1383087076191	1383087076510	319
1383087076201	1383087076519	318
1383087076211	1383087076529	318
1383087076221	1383087076540	319
1383087076231	1383087076549	318
1383087076242	1383087076559	317
1383087076252	1383087076569	317
1383087076262	1383087076580	318
1383087076271	1383087076589	318
1383087076281	1383087076599	318
1383087076291	1383087076610	319
1383087076301	1383087076619	318
1383087076311	1383087076629	318
1383087076321	1383087076639	318
1383087076331	1383087076649	318
1383087076341	1383087076659	318
1383087076351	1383087076670	319
1383087076361	1383087076679	318
1383087076371	1383087076690	319
1383087076381	1383087076699	318
1383087076391	1383087076710	319
1383087076401	1383087076719	318
1383087076411	1383087076729	318
1383087076421	1383087076739	318
1383087076431	1383087076751	320
1383087076441	1383087076759	318
1383087076451	1383087076769	318
1383087076461	1383087076779	318
1383087076471	1383087076790	319
1383087076481	1383087076800	319
1383087076491	1383087076809	318
1383087076501	1383087076819	318
1383087076511	1383087076830	319
1383087076521	1383087076840	319
1383087076531	1383087076850	319
1383087076541	1383087076859	318
1383087076551	1383087076870	319
1383087076561	1383087076879	318
1383087076571	1383087076889	318
1383087076581	1383087076899	318
1383087076591	1383087076910	319
1383087076601	1383087076919	318
1383087076611	1383087076929	318
1383087076621	1383087076939	318
1383087076631	1383087076949	318
1383087076641	1383087076960	319
1383087076651	1383087076969	318
1383087076661	1383087076980	319
1383087076671	1383087076989	318
1383087076681	1383087077000	319
1383087076691	1383087077009	318
1383087076701	1383087077019	318
1383087076711	1383087077029	318
1383087076721	1383087077039	318
1383087076731	1383087077049	318
1383087076741	1383087077059	318
1383087076751	1383087077070	319
1383087076761	1383087077080	319
1383087076771	1383087077089	318
1383087076781	1383087077100	319
1383087076791	1383087077109	318
1383087076801	1383087077119	318
1383087076811	1383087077129	318
1383087076821	1383087077139	318
1383087076831	1383087077149	318
1383087076841	1383087077160	319
1383087076851	1383087077168	317
1383087076861	1383087077179	318
1383087076871	1383087077189	318
1383087076881	1383087077199	318
1383087076891	1383087077209	318
1383087076901	1383087077219	318
1383087076911	1383087077229	318
1383087076921	1383087077240	319
1383087076931	1383087077289	358
1383087076942	1383087077291	349
1383087076952	1383087077293	341
1383087076962	1383087077294	332
1383087076971	1383087077306	335
1383087076982	1383087077331	349
1383087076991	1383087077333	342
1383087077001	1383087077336	335
1383087077011	1383087077385	374
1383087077021	1383087077386	365
1383087077031	1383087077388	357
1383087077042	1383087077390	348
1383087077051	1383087077437	386
1383087077061	1383087077719	658
1383087077071	1383087077851	780
1383087077082	1383087078083	1001
1383087077091	1383087078503	1412
1383087077101	1383087078517	1416
1383087077111	1383087078633	1522
1383087077122	1383087078635	1513
1383087077132	1383087078637	1505
1383087077141	1383087078638	1497
1383087077152	1383087078641	1489
1383087077162	1383087078643	1481
1383087077171	1383087078684	1513
1383087077181	1383087078686	1505
1383087077192	1383087078688	1496
1383087077201	1383087078689	1488
1383087077212	1383087078692	1480
1383087077221	1383087078693	1472
1383087077232	1383087078696	1464
1383087077241	1383087078697	1456
1383087077252	1383087078700	1448
1383087077262	1383087078700	1438
1383087077271	1383087078735	1464
1383087077281	1383087078736	1455
1383087077292	1383087078739	1447
1383087077301	1383087078740	1439
1383087077311	1383087078742	1431
1383087077321	1383087078744	1423
1383087077332	1383087078746	1414
1383087077342	1383087078747	1405
1383087077351	1383087078751	1400
1383087077362	1383087078751	1389
1383087077371	1383087078760	1389
1383087077382	1383087078761	1379
1383087077391	1383087078764	1373
1383087077401	1383087078765	1364
1383087077412	1383087078767	1355
1383087077421	1383087078768	1347
1383087077431	1383087078770	1339
1383087077441	1383087078771	1330
1383087077451	1383087078774	1323
1383087077462	1383087078775	1313
1383087077471	1383087078777	1306
1383087077481	1383087078778	1297
1383087077492	1383087078781	1289
1383087077502	1383087078781	1279
1383087077512	1383087078784	1272
1383087077521	1383087078786	1265
1383087077532	1383087078788	1256
1383087077541	1383087078789	1248
1383087077551	1383087078792	1241
1383087077561	1383087078793	1232
1383087077571	1383087078795	1224
1383087077581	1383087078796	1215
1383087077591	1383087078799	1208
1383087077601	1383087078800	1199
1383087077611	1383087078803	1192
1383087077621	1383087078803	1182
1383087077631	1383087078807	1176
1383087077641	1383087078807	1166
1383087077651	1383087078810	1159
1383087077661	1383087078811	1150
1383087077671	1383087078814	1143
1383087077681	1383087078814	1133
1383087077691	1383087078817	1126
1383087077701	1383087078819	1118
1383087077711	1383087078822	1111
1383087077721	1383087078823	1102
1383087077731	1383087078826	1095
1383087077741	1383087078826	1085
1383087077751	1383087078829	1078
1383087077761	1383087078830	1069
1383087077771	1383087078832	1061
1383087077781	1383087078833	1052
1383087077791	1383087078836	1045
1383087077801	1383087078838	1037
1383087077811	1383087078840	1029
1383087077821	1383087078841	1020
1383087077831	1383087078843	1012
1383087077841	1383087078844	1003
1383087077851	1383087078847	996
1383087077861	1383087078848	987
1383087077871	1383087078850	979
1383087077881	1383087078851	970
1383087077891	1383087078854	963
1383087077901	1383087078855	954
1383087077911	1383087078857	946
1383087077921	1383087078858	937
1383087077931	1383087078861	930
1383087077941	1383087078862	921
1383087077951	1383087078864	913
1383087077961	1383087078865	904
1383087077971	1383087078868	897
1383087077981	1383087078868	887
1383087077991	1383087078871	880
1383087078001	1383087078872	871
1383087078011	1383087078874	863
1383087078021	1383087078875	854
1383087078031	1383087078878	847
1383087078041	1383087078878	837
1383087078051	1383087078881	830
1383087078061	1383087078882	821
1383087078071	1383087078884	813
1383087078081	1383087078885	804
1383087078091	1383087078888	797
1383087078101	1383087078889	788
1383087078111	1383087078892	781
1383087078121	1383087078893	772
1383087078131	1383087078895	764
1383087078141	1383087078896	755
1383087078151	1383087078899	748
1383087078161	1383087078900	739
1383087078171	1383087078917	746
1383087078181	1383087079050	869
1383087078191	1383087079068	877
1383087078201	1383087079070	869
1383087078211	1383087079071	860
1383087078221	1383087079074	853
1383087078231	1383087079075	844
1383087078241	1383087079077	836
1383087078252	1383087079078	826
1383087078261	1383087079081	820
1383087078271	1383087079081	810
1383087078281	1383087079084	803
1383087078291	1383087079113	822
1383087078301	1383087079115	814
1383087078311	1383087079117	806
1383087078321	1383087079118	797
1383087078331	1383087079121	790
1383087078341	1383087079122	781
1383087078351	1383087079124	773
1383087078361	1383087079125	764
1383087078371	1383087079128	757
1383087078381	1383087079130	749
1383087078391	1383087079132	741
1383087078401	1383087079133	732
1383087078411	1383087079136	725
1383087078421	1383087079137	716
1383087078431	1383087079139	708
1383087078441	1383087079140	699
1383087078451	1383087079143	692
1383087078461	1383087079144	683
1383087078471	1383087079147	676
1383087078481	1383087079148	667
1383087078491	1383087079150	659
1383087078501	1383087079151	650
1383087078511	1383087079153	642
1383087078521	1383087079154	633
1383087078531	1383087079157	626
1383087078541	1383087079158	617
1383087078551	1383087079160	609
1383087078561	1383087079161	600
1383087078571	1383087079164	593
1383087078581	1383087079165	584
1383087078591	1383087079168	577
1383087078601	1383087079168	567
1383087078611	1383087079171	560
1383087078621	1383087079172	551
1383087078632	1383087079174	542
1383087078641	1383087079175	534
1383087078651	1383087079178	527
1383087078661	1383087079179	518
1383087078671	1383087079182	511
1383087078681	1383087079183	502
1383087078691	1383087079185	494
1383087078701	1383087079186	485
1383087078711	1383087079189	478
1383087078721	1383087079190	469
1383087078731	1383087079193	462
1383087078741	1383087079194	453
1383087078751	1383087079196	445
1383087078761	1383087079197	436
1383087078771	1383087079200	429
1383087078781	1383087079201	420
1383087078791	1383087079209	418
1383087078801	1383087079210	409
1383087078811	1383087079212	401
1383087078821	1383087079213	392
1383087078831	1383087079215	384
1383087078841	1383087079216	375
1383087078851	1383087079219	368
1383087078861	1383087079220	359
1383087078871	1383087079222	351
1383087078881	1383087079223	342
1383087078891	1383087079226	335
1383087078901	1383087079227	326
1383087078911	1383087079229	318
1383087078921	1383087079240	319
1383087078931	1383087079250	319
1383087078941	1383087079258	317
1383087078951	1383087079269	318
1383087078961	1383087079279	318
1383087078971	1383087079289	318
1383087078981	1383087079299	318
1383087078991	1383087079309	318
1383087079001	1383087079319	318
1383087079011	1383087079328	317
1383087079021	1383087079358	337
1383087079031	1383087079359	328
1383087079041	1383087079361	320
1383087079051	1383087079369	318
1383087079061	1383087079379	318
1383087079071	1383087079389	318
1383087079081	1383087079399	318
1383087079091	1383087079409	318
1383087079101	1383087079419	318
1383087079111	1383087079429	318
1383087079121	1383087079440	319
1383087079131	1383087079448	317
1383087079141	1383087079459	318
1383087079151	1383087079470	319
1383087079161	1383087079479	318
1383087079171	1383087079490	319
1383087079181	1383087079499	318
1383087079191	1383087079509	318
1383087079201	1383087079519	318
1383087079211	1383087079529	318
1383087079221	1383087079558	337
1383087079231	1383087079560	329
1383087079241	1383087079562	321
1383087079251	1383087079569	318
1383087079261	1383087079579	318
1383087079271	1383087079589	318
1383087079281	1383087079599	318
1383087079291	1383087079631	340
1383087079301	1383087079632	331
1383087079311	1383087079674	363
1383087079321	1383087079679	358
1383087079331	1383087079723	392
1383087079341	1383087079724	383
1383087079351	1383087079745	394
1383087079361	1383087079746	385
1383087079371	1383087079750	379
1383087079381	1383087079751	370
1383087079391	1383087079753	362
1383087079401	1383087079754	353
1383087079411	1383087079757	346
1383087079422	1383087079758	336
1383087079431	1383087079760	329
1383087079441	1383087079761	320
1383087079451	1383087079768	317
1383087079461	1383087079778	317
1383087079471	1383087079788	317
1383087079481	1383087079799	318
1383087079491	1383087079809	318
1383087079501	1383087079819	318
1383087079511	1383087079829	318
1383087079521	1383087079839	318
1383087079531	1383087079849	318
1383087079541	1383087079859	318
1383087079551	1383087079869	318
1383087079561	1383087079879	318
1383087079571	1383087079889	318
1383087079581	1383087079899	318
1383087079591	1383087079909	318
1383087079601	1383087079919	318
1383087079611	1383087079930	319
1383087079621	1383087079970	349
1383087079631	1383087079971	340
1383087079641	1383087079973	332
1383087079651	1383087079977	326
1383087079661	1383087079979	318
1383087079671	1383087079989	318
1383087079681	1383087079999	318
1383087079691	1383087080010	319
1383087079701	1383087080019	318
1383087079711	1383087080029	318
1383087079721	1383087080040	319
1383087079731	1383087080049	318
1383087079741	1383087080059	318
1383087079751	1383087080069	318
1383087079761	1383087080079	318
1383087079771	1383087080089	318
1383087079781	1383087080099	318
1383087079791	1383087080109	318
1383087079801	1383087080119	318
1383087079811	1383087080129	318
1383087079821	1383087080171	350
1383087079831	1383087080172	341
1383087079841	1383087080174	333
1383087079851	1383087080177	326
1383087079861	1383087080179	318
1383087079871	1383087080188	317
1383087079881	1383087080199	318
1383087079891	1383087080209	318
1383087079901	1383087080220	319
1383087079911	1383087080228	317
1383087079921	1383087080239	318
1383087079931	1383087080249	318
1383087079941	1383087080259	318
1383087079951	1383087080268	317
1383087079961	1383087080280	319
1383087079971	1383087080290	319
1383087079981	1383087080299	318
1383087079991	1383087080308	317
1383087080001	1383087080319	318
1383087080011	1383087080329	318
1383087080021	1383087080370	349
1383087080032	1383087080371	339
1383087080041	1383087080373	332
1383087080051	1383087080377	326
1383087080061	1383087080379	318
1383087080071	1383087080389	318
1383087080081	1383087080399	318
1383087080091	1383087080409	318
1383087080101	1383087080419	318
1383087080111	1383087080429	318
1383087080121	1383087080439	318
1383087080131	1383087080449	318
1383087080141	1383087080459	318
1383087080151	1383087080470	319
1383087080161	1383087080479	318
1383087080171	1383087080489	318
1383087080181	1383087080500	319
1383087080191	1383087080509	318
1383087080201	1383087080519	318
1383087080211	1383087080530	319
1383087080221	1383087080570	349
1383087080231	1383087080571	340
1383087080241	1383087080573	332
1383087080251	1383087080577	326
1383087080261	1383087080579	318
1383087080271	1383087080589	318
1383087080281	1383087080600	319
1383087080291	1383087080609	318
1383087080301	1383087080619	318
1383087080311	1383087080628	317
1383087080321	1383087080639	318
1383087080331	1383087080649	318
1383087080341	1383087080659	318
1383087080351	1383087080669	318
1383087080361	1383087080679	318
1383087080371	1383087080689	318
1383087080381	1383087080699	318
1383087080391	1383087080709	318
1383087080401	1383087080719	318
1383087080411	1383087080729	318
1383087080421	1383087080770	349
1383087080431	1383087080771	340
1383087080441	1383087080774	333
1383087080451	1383087080777	326
1383087080461	1383087080778	317
1383087080471	1383087080789	318
1383087080481	1383087080799	318
1383087080491	1383087080809	318
1383087080501	1383087080818	317
1383087080511	1383087080829	318
1383087080521	1383087080839	318
1383087080531	1383087080849	318
1383087080541	1383087080859	318
1383087080551	1383087080869	318
1383087080561	1383087080879	318
1383087080571	1383087080889	318
1383087080581	1383087080899	318
1383087080591	1383087080909	318
1383087080601	1383087080919	318
1383087080611	1383087080929	318
1383087080621	1383087080970	349
1383087080631	1383087080971	340
1383087080641	1383087080973	332
1383087080651	1383087080977	326
1383087080661	1383087080979	318
1383087080671	1383087080989	318
1383087080681	1383087080999	318
1383087080691	1383087081009	318
1383087080701	1383087081019	318
1383087080711	1383087081029	318
1383087080721	1383087081039	318
1383087080731	1383087081049	318
1383087080741	1383087081059	318
1383087080751	1383087081069	318
1383087080761	1383087081079	318
1383087080771	1383087081090	319
1383087080781	1383087081099	318
1383087080791	1383087081109	318
1383087080801	1383087081119	318
1383087080811	1383087081128	317
1383087080821	1383087081170	349
1383087080831	1383087081171	340
1383087080841	1383087081173	332
1383087080851	1383087081177	326
1383087080861	1383087081207	346
1383087080871	1383087081211	340
1383087080881	1383087081211	330
1383087080891	1383087081214	323
1383087080901	1383087081219	318
1383087080911	1383087081229	318
1383087080921	1383087081240	319
1383087080931	1383087081250	319
1383087080941	1383087081259	318
1383087080951	1383087081269	318
1383087080961	1383087081279	318
1383087080971	1383087081290	319
1383087080981	1383087081299	318
1383087080991	1383087081309	318
1383087081001	1383087081320	319
1383087081011	1383087081329	318
1383087081021	1383087081339	318
1383087081031	1383087081349	318
1383087081041	1383087081359	318
1383087081051	1383087081369	318
1383087081061	1383087081379	318
1383087081071	1383087081389	318
1383087081081	1383087081399	318
1383087081091	1383087081409	318
1383087081101	1383087081420	319
1383087081111	1383087081429	318
1383087081121	1383087081439	318
1383087081131	1383087081449	318
1383087081141	1383087081460	319
1383087081151	1383087081469	318
1383087081161	1383087081479	318
1383087081171	1383087081489	318
1383087081181	1383087081500	319
1383087081191	1383087081509	318
1383087081201	1383087081519	318
1383087081211	1383087081529	318
1383087081221	1383087081539	318
1383087081231	1383087081549	318
1383087081241	1383087081559	318
1383087081251	1383087081569	318
1383087081261	1383087081579	318
1383087081271	1383087081589	318
1383087081281	1383087081599	318
1383087081291	1383087081609	318
1383087081301	1383087081619	318
1383087081311	1383087081629	318
1383087081321	1383087081639	318
1383087081331	1383087081649	318
1383087081341	1383087081659	318
1383087081351	1383087081669	318
1383087081361	1383087081679	318
1383087081371	1383087081689	318
1383087081381	1383087081699	318
1383087081391	1383087081709	318
1383087081401	1383087081719	318
1383087081411	1383087081729	318
1383087081421	1383087081739	318
1383087081431	1383087081749	318
1383087081441	1383087081759	318
1383087081451	1383087081769	318
1383087081461	1383087081779	318
1383087081471	1383087081790	319
1383087081481	1383087081800	319
1383087081491	1383087081809	318
1383087081501	1383087081819	318
1383087081511	1383087081829	318
1383087081521	1383087081839	318
1383087081531	1383087081849	318
1383087081541	1383087081859	318
1383087081551	1383087081870	319
1383087081561	1383087081880	319
1383087081571	1383087081890	319
1383087081581	1383087081899	318
1383087081591	1383087081909	318
1383087081601	1383087081919	318
1383087081611	1383087081929	318
1383087081621	1383087081939	318
1383087081631	1383087081949	318
1383087081641	1383087081960	319
1383087081651	1383087081969	318
1383087081661	1383087081979	318
1383087081671	1383087081990	319
1383087081681	1383087082001	320
1383087081691	1383087082009	318
1383087081701	1383087082019	318
1383087081711	1383087082029	318
1383087081721	1383087082040	319
1383087081731	1383087082049	318
1383087081741	1383087082059	318
1383087081751	1383087082069	318
1383087081761	1383087082079	318
1383087081771	1383087082090	319
1383087081781	1383087082099	318
1383087081791	1383087082109	318
1383087081801	1383087082124	323
1383087081811	1383087082130	319
1383087081821	1383087082140	319
1383087081831	1383087082150	319
1383087081841	1383087082160	319
1383087081851	1383087082169	318
1383087081861	1383087082179	318
1383087081871	1383087082190	319
1383087081881	1383087082200	319
1383087081891	1383087082209	318
1383087081901	1383087082219	318
1383087081911	1383087082229	318
1383087081921	1383087082239	318
1383087081931	1383087082250	319
1383087081941	1383087082259	318
1383087081951	1383087082270	319
1383087081961	1383087082279	318
1383087081971	1383087082290	319
1383087081981	1383087082299	318
1383087081991	1383087082309	318
1383087082001	1383087082320	319
1383087082011	1383087082329	318
1383087082021	1383087082339	318
1383087082031	1383087082349	318
1383087082041	1383087082360	319
1383087082051	1383087082369	318
1383087082061	1383087082379	318
1383087082071	1383087082390	319
1383087082081	1383087082400	319
1383087082091	1383087082409	318
1383087082101	1383087082419	318
1383087082111	1383087082430	319
1383087082121	1383087082439	318
1383087082131	1383087082449	318
1383087082141	1383087082460	319
1383087082151	1383087082471	320
1383087082161	1383087082479	318
1383087082171	1383087082490	319
1383087082181	1383087082500	319
1383087082191	1383087082509	318
1383087082201	1383087082519	318
1383087082211	1383087082531	320
1383087082221	1383087082539	318
1383087082231	1383087082549	318
1383087082241	1383087082559	318
1383087082251	1383087082569	318
1383087082261	1383087082579	318
1383087082271	1383087082590	319
1383087082281	1383087082600	319
1383087082291	1383087082609	318
1383087082301	1383087082619	318
1383087082311	1383087082628	317
1383087082321	1383087082639	318
1383087082331	1383087082650	319
1383087082341	1383087082659	318
1383087082351	1383087082668	317
1383087082361	1383087082679	318
1383087082371	1383087082689	318
1383087082381	1383087082699	318
1383087082391	1383087082710	319
1383087082401	1383087082720	319
1383087082411	1383087082729	318
1383087082421	1383087082739	318
1383087082431	1383087082749	318
1383087082441	1383087082759	318
1383087082451	1383087082769	318
1383087082461	1383087082779	318
1383087082471	1383087082790	319
1383087082481	1383087082799	318
1383087082491	1383087082809	318
1383087082501	1383087082819	318
1383087082511	1383087082829	318
1383087082521	1383087082839	318
1383087082531	1383087082849	318
1383087082541	1383087082859	318
1383087082551	1383087082869	318
1383087082561	1383087082879	318
1383087082571	1383087082890	319
1383087082581	1383087082899	318
1383087082591	1383087082909	318
1383087082601	1383087082920	319
1383087082611	1383087082929	318
1383087082621	1383087082940	319
1383087082631	1383087082949	318
1383087082641	1383087082959	318
1383087082651	1383087082969	318
1383087082661	1383087082979	318
1383087082671	1383087082989	318
1383087082681	1383087082999	318
1383087082691	1383087083009	318
1383087082701	1383087083020	319
1383087082711	1383087083029	318
1383087082721	1383087083040	319
1383087082731	1383087083049	318
1383087082741	1383087083059	318
1383087082751	1383087083069	318
1383087082761	1383087083079	318
1383087082771	1383087083090	319
1383087082781	1383087083100	319
1383087082791	1383087083109	318
1383087082801	1383087083120	319
1383087082811	1383087083129	318
1383087082821	1383087083139	318
1383087082831	1383087083149	318
1383087082841	1383087083159	318
1383087082851	1383087083169	318
1383087082861	1383087083180	319
1383087082871	1383087083189	318
1383087082881	1383087083199	318
1383087082891	1383087083209	318
1383087082901	1383087083219	318
1383087082911	1383087083229	318
1383087082921	1383087083239	318
1383087082931	1383087083249	318
1383087082941	1383087083259	318
1383087082951	1383087083269	318
1383087082961	1383087083279	318
1383087082971	1383087083290	319
1383087082981	1383087083299	318
1383087082991	1383087083309	318
1383087083001	1383087083319	318
1383087083011	1383087083329	318
1383087083021	1383087083339	318
1383087083031	1383087083349	318
1383087083041	1383087083359	318
1383087083051	1383087083369	318
1383087083061	1383087083378	317
1383087083071	1383087083390	319
1383087083081	1383087083399	318
1383087083091	1383087083409	318
1383087083101	1383087083419	318
1383087083111	1383087083429	318
1383087083121	1383087083440	319
1383087083131	1383087083449	318
1383087083141	1383087083459	318
1383087083151	1383087083469	318
1383087083161	1383087083479	318
1383087083171	1383087083489	318
1383087083181	1383087083499	318
1383087083191	1383087083509	318
1383087083201	1383087083519	318
1383087083211	1383087083530	319
1383087083221	1383087083539	318
1383087083231	1383087083549	318
1383087083241	1383087083559	318
1383087083251	1383087083569	318
1383087083261	1383087083579	318
1383087083271	1383087083590	319
1383087083281	1383087083599	318
1383087083291	1383087083609	318
1383087083301	1383087083619	318
1383087083311	1383087083628	317
1383087083321	1383087083639	318
1383087083331	1383087083650	319
1383087083341	1383087083659	318
1383087083351	1383087083669	318
1383087083361	1383087083679	318
1383087083371	1383087083689	318
1383087083381	1383087083700	319
1383087083391	1383087083709	318
1383087083401	1383087083719	318
1383087083411	1383087083729	318
1383087083421	1383087083739	318
1383087083431	1383087083750	319
1383087083441	1383087083759	318
1383087083451	1383087083769	318
1383087083461	1383087083780	319
1383087083471	1383087083789	318
1383087083481	1383087083798	317
1383087083491	1383087083809	318
1383087083501	1383087083819	318
1383087083511	1383087083829	318
1383087083521	1383087083839	318
1383087083531	1383087083849	318
1383087083541	1383087083859	318
1383087083551	1383087083870	319
1383087083561	1383087083879	318
1383087083571	1383087083889	318
1383087083581	1383087083900	319
1383087083591	1383087083910	319
1383087083601	1383087083918	317
1383087083611	1383087083929	318
1383087083621	1383087083939	318
1383087083631	1383087083948	317
1383087083641	1383087083959	318
1383087083651	1383087083969	318
1383087083661	1383087083979	318
1383087083671	1383087083989	318
1383087083681	1383087083999	318
1383087083691	1383087084009	318
1383087083701	1383087084018	317
1383087083711	1383087084028	317
1383087083721	1383087084040	319
1383087083731	1383087084049	318
1383087083741	1383087084059	318
1383087083751	1383087084069	318
1383087083761	1383087084079	318
1383087083771	1383087084089	318
1383087083781	1383087084099	318
1383087083791	1383087084110	319
1383087083801	1383087084120	319
1383087083811	1383087084128	317
1383087083821	1383087084139	318
1383087083831	1383087084149	318
1383087083841	1383087084159	318
1383087083851	1383087084169	318
1383087083861	1383087084179	318
1383087083871	1383087084189	318
1383087083881	1383087084199	318
1383087083891	1383087084209	318
1383087083901	1383087084219	318
1383087083911	1383087084229	318
1383087083921	1383087084239	318
1383087083931	1383087084249	318
1383087083941	1383087084259	318
1383087083951	1383087084269	318
1383087083961	1383087084279	318
1383087083971	1383087084289	318
1383087083981	1383087084299	318
1383087083991	1383087084310	319
1383087084001	1383087084319	318
1383087084011	1383087084329	318
1383087084021	1383087084339	318
1383087084031	1383087084349	318
1383087084041	1383087084360	319
1383087084051	1383087084369	318
1383087084061	1383087084379	318
1383087084071	1383087084389	318
1383087084081	1383087084399	318
1383087084091	1383087084410	319
1383087084101	1383087084419	318
1383087084111	1383087084429	318
1383087084121	1383087084439	318
1383087084131	1383087084449	318
1383087084141	1383087084459	318
1383087084151	1383087084469	318
1383087084161	1383087084479	318
1383087084171	1383087084490	319
1383087084181	1383087084499	318
1383087084191	1383087084510	319
1383087084201	1383087084519	318
1383087084211	1383087084530	319
1383087084221	1383087084539	318
1383087084231	1383087084549	318
1383087084241	1383087084560	319
1383087084251	1383087084569	318
1383087084261	1383087084579	318
1383087084271	1383087084589	318
1383087084281	1383087084599	318
1383087084291	1383087084610	319
1383087084301	1383087084619	318
1383087084311	1383087084629	318
1383087084321	1383087084639	318
1383087084331	1383087084650	319
1383087084341	1383087084659	318
1383087084351	1383087084669	318
1383087084361	1383087084680	319
1383087084371	1383087084689	318
1383087084381	1383087084699	318
1383087084391	1383087084710	319
1383087084401	1383087084720	319
1383087084411	1383087084729	318
1383087084421	1383087084740	319
1383087084431	1383087084750	319
1383087084441	1383087084759	318
1383087084451	1383087084769	318
1383087084461	1383087084780	319
1383087084471	1383087084789	318
1383087084481	1383087084799	318
1383087084491	1383087084810	319
1383087084501	1383087084819	318
1383087084511	1383087084829	318
1383087084521	1383087084839	318
1383087084531	1383087084849	318
1383087084541	1383087084859	318
1383087084551	1383087084869	318
1383087084561	1383087084879	318
1383087084571	1383087084889	318
1383087084581	1383087084934	353
1383087084591	1383087084935	344
1383087084601	1383087084938	337
1383087084611	1383087084939	328
1383087084621	1383087084941	320
1383087084631	1383087084951	320
1383087084641	1383087084958	317
1383087084651	1383087084969	318
1383087084661	1383087084979	318
1383087084671	1383087084988	317
1383087084681	1383087084998	317
1383087084691	1383087085009	318
1383087084701	1383087085019	318
1383087084711	1383087085028	317
1383087084721	1383087085039	318
1383087084731	1383087085050	319
1383087084741	1383087085059	318
1383087084751	1383087085070	319
1383087084761	1383087085079	318
1383087084771	1383087085088	317
1383087084781	1383087085099	318
1383087084791	1383087085109	318
1383087084801	1383087085119	318
1383087084811	1383087085130	319
1383087084821	1383087085139	318
1383087084831	1383087085148	317
1383087084841	1383087085159	318
1383087084851	1383087085169	318
1383087084861	1383087085205	344
1383087084871	1383087085206	335
1383087084881	1383087085208	327
1383087084891	1383087085212	321
1383087084901	1383087085220	319
1383087084911	1383087085229	318
1383087084921	1383087085239	318
1383087084931	1383087085250	319
1383087084941	1383087085259	318
1383087084951	1383087085269	318
1383087084961	1383087085279	318
1383087084971	1383087085289	318
1383087084981	1383087085300	319
1383087084991	1383087085309	318
1383087085001	1383087085319	318
1383087085011	1383087085329	318
1383087085021	1383087085339	318
1383087085031	1383087085349	318
1383087085041	1383087085359	318
1383087085051	1383087085369	318
1383087085061	1383087085379	318
1383087085071	1383087085389	318
1383087085081	1383087085399	318
1383087085091	1383087085409	318
1383087085101	1383087085419	318
1383087085111	1383087085429	318
1383087085121	1383087085439	318
1383087085131	1383087085449	318
1383087085141	1383087085459	318
1383087085151	1383087085469	318
1383087085161	1383087085478	317
1383087085171	1383087085489	318
1383087085181	1383087085499	318
1383087085191	1383087085510	319
1383087085201	1383087085519	318
1383087085211	1383087085529	318
1383087085221	1383087085538	317
1383087085231	1383087085549	318
1383087085241	1383087085559	318
1383087085251	1383087085568	317
1383087085261	1383087085579	318
1383087085271	1383087085588	317
1383087085281	1383087085599	318
1383087085291	1383087085610	319
1383087085301	1383087085619	318
1383087085311	1383087085629	318
1383087085321	1383087085658	337
1383087085331	1383087085659	328
1383087085341	1383087085662	321
1383087085351	1383087085669	318
1383087085361	1383087085678	317
1383087085371	1383087085689	318
1383087085381	1383087085699	318
1383087085391	1383087085709	318
1383087085401	1383087085719	318
1383087085411	1383087085729	318
1383087085421	1383087085738	317
1383087085431	1383087085749	318
1383087085441	1383087085759	318
1383087085451	1383087085769	318
1383087085461	1383087085779	318
1383087085471	1383087085789	318
1383087085481	1383087085799	318
1383087085491	1383087085815	324
1383087085501	1383087085819	318
1383087085511	1383087085830	319
1383087085521	1383087085839	318
1383087085531	1383087085848	317
1383087085541	1383087085859	318
1383087085551	1383087085869	318
1383087085561	1383087085878	317
1383087085571	1383087085888	317
1383087085581	1383087085900	319
1383087085591	1383087085908	317
1383087085601	1383087085919	318
1383087085611	1383087085928	317
1383087085621	1383087085939	318
1383087085631	1383087085949	318
1383087085641	1383087085958	317
1383087085651	1383087085969	318
1383087085661	1383087085978	317
1383087085671	1383087085989	318
1383087085681	1383087085999	318
1383087085691	1383087086010	319
1383087085701	1383087086049	348
1383087085711	1383087086050	339
1383087085721	1383087086052	331
1383087085731	1383087086056	325
1383087085741	1383087086058	317
1383087085751	1383087086070	319
1383087085761	1383087086079	318
1383087085771	1383087086089	318
1383087085781	1383087086099	318
1383087085791	1383087086109	318
1383087085801	1383087086118	317
1383087085811	1383087086128	317
1383087085821	1383087086138	317
1383087085831	1383087086148	317
1383087085841	1383087086159	318
1383087085851	1383087086168	317
1383087085861	1383087086178	317
1383087085871	1383087086190	319
1383087085881	1383087086200	319
1383087085891	1383087086209	318
1383087085901	1383087086239	338
1383087085911	1383087086240	329
1383087085921	1383087086243	322
1383087085931	1383087086249	318
1383087085941	1383087086259	318
1383087085951	1383087086269	318
1383087085961	1383087086278	317
1383087085971	1383087086289	318
1383087085981	1383087086299	318
1383087085991	1383087086308	317
1383087086001	1383087086319	318
1383087086011	1383087086329	318
1383087086021	1383087086338	317
1383087086031	1383087086348	317
1383087086041	1383087086360	319
1383087086051	1383087086369	318
1383087086061	1383087086379	318
1383087086071	1383087086389	318
1383087086081	1383087086399	318
1383087086091	1383087086409	318
1383087086101	1383087086448	347
1383087086111	1383087086450	339
1383087086121	1383087086452	331
1383087086131	1383087086453	322
1383087086141	1383087086459	318
1383087086151	1383087086468	317
1383087086161	1383087086479	318
1383087086171	1383087086490	319
1383087086181	1383087086499	318
1383087086191	1383087086509	318
1383087086201	1383087086518	317
1383087086211	1383087086529	318
1383087086221	1383087086540	319
1383087086231	1383087086548	317
1383087086241	1383087086559	318
1383087086251	1383087086569	318
1383087086261	1383087086580	319
1383087086271	1383087086589	318
1383087086281	1383087086599	318
1383087086291	1383087086608	317
1383087086301	1383087086619	318
1383087086311	1383087086628	317
1383087086321	1383087086639	318
1383087086331	1383087086649	318
1383087086341	1383087086659	318
1383087086351	1383087086668	317
1383087086361	1383087086679	318
1383087086371	1383087086689	318
1383087086381	1383087086699	318
1383087086391	1383087086709	318
1383087086401	1383087086719	318
1383087086411	1383087086729	318
1383087086421	1383087086739	318
1383087086431	1383087086750	319
1383087086441	1383087086759	318
1383087086451	1383087086769	318
1383087086461	1383087086780	319
1383087086471	1383087086790	319
1383087086481	1383087086799	318
1383087086491	1383087086810	319
1383087086501	1383087086819	318
1383087086511	1383087086829	318
1383087086521	1383087086839	318
1383087086531	1383087086849	318
1383087086541	1383087086859	318
1383087086551	1383087086869	318
1383087086561	1383087086880	319
1383087086571	1383087086889	318
1383087086581	1383087086899	318
1383087086591	1383087086909	318
1383087086601	1383087086919	318
1383087086611	1383087086930	319
1383087086621	1383087086939	318
1383087086631	1383087086949	318
1383087086641	1383087086959	318
1383087086651	1383087086969	318
1383087086661	1383087086979	318
1383087086671	1383087086989	318
1383087086681	1383087086999	318
1383087086691	1383087087010	319
1383087086701	1383087087019	318
1383087086711	1383087087029	318
1383087086721	1383087087039	318
1383087086731	1383087087049	318
1383087086741	1383087087059	318
1383087086751	1383087087069	318
1383087086761	1383087087079	318
1383087086771	1383087087089	318
1383087086781	1383087087099	318
1383087086791	1383087087110	319
1383087086801	1383087087119	318
1383087086811	1383087087128	317
1383087086821	1383087087139	318
1383087086831	1383087087149	318
1383087086841	1383087087159	318
1383087086851	1383087087170	319
1383087086861	1383087087180	319
1383087086871	1383087087189	318
1383087086881	1383087087199	318
1383087086891	1383087087209	318
1383087086901	1383087087219	318
1383087086911	1383087087230	319
1383087086921	1383087087239	318
1383087086931	1383087087249	318
1383087086941	1383087087259	318
1383087086951	1383087087269	318
1383087086961	1383087087280	319
1383087086971	1383087087290	319
1383087086981	1383087087299	318
1383087086991	1383087087309	318
1383087087001	1383087087319	318
1383087087011	1383087087330	319
1383087087021	1383087087340	319
1383087087031	1383087087349	318
1383087087041	1383087087359	318
1383087087051	1383087087369	318
1383087087061	1383087087379	318
1383087087071	1383087087389	318
1383087087081	1383087087400	319
1383087087091	1383087087411	320
1383087087101	1383087087419	318
1383087087111	1383087087429	318
1383087087121	1383087087439	318
1383087087131	1383087087449	318
1383087087141	1383087087459	318
1383087087151	1383087087469	318
1383087087161	1383087087480	319
1383087087171	1383087087492	321
1383087087181	1383087087500	319
1383087087191	1383087087511	320
1383087087201	1383087087519	318
1383087087211	1383087087531	320
1383087087221	1383087087540	319
1383087087231	1383087087549	318
1383087087241	1383087087566	325
1383087087251	1383087087569	318
1383087087261	1383087087580	319
1383087087271	1383087087588	317
1383087087281	1383087087599	318
1383087087291	1383087087609	318
1383087087301	1383087087619	318
1383087087311	1383087087628	317
1383087087321	1383087087639	318
1383087087331	1383087087649	318
1383087087341	1383087087659	318
1383087087351	1383087087669	318
1383087087361	1383087087679	318
1383087087371	1383087087689	318
1383087087381	1383087087700	319
1383087087391	1383087087709	318
1383087087401	1383087087719	318
1383087087411	1383087087729	318
1383087087421	1383087087739	318
1383087087431	1383087087749	318
1383087087441	1383087087758	317
1383087087451	1383087087769	318
1383087087461	1383087087779	318
1383087087471	1383087087789	318
1383087087481	1383087087800	319
1383087087491	1383087087809	318
1383087087501	1383087087819	318
1383087087511	1383087087829	318
1383087087521	1383087087838	317
1383087087531	1383087087849	318
1383087087541	1383087087860	319
1383087087551	1383087087869	318
1383087087561	1383087087878	317
1383087087571	1383087087890	319
1383087087581	1383087087899	318
1383087087591	1383087087908	317
1383087087601	1383087087919	318
1383087087611	1383087087928	317
1383087087621	1383087087939	318
1383087087631	1383087087949	318
1383087087641	1383087087959	318
1383087087651	1383087087969	318
1383087087661	1383087087979	318
1383087087671	1383087087989	318
1383087087681	1383087088000	319
1383087087691	1383087088009	318
1383087087701	1383087088019	318
1383087087711	1383087088029	318
1383087087721	1383087088039	318
1383087087731	1383087088049	318
1383087087741	1383087088059	318
1383087087751	1383087088069	318
1383087087761	1383087088079	318
1383087087771	1383087088089	318
1383087087781	1383087088100	319
1383087087791	1383087088109	318
1383087087801	1383087088119	318
1383087087811	1383087088129	318
1383087087821	1383087088139	318
1383087087831	1383087088149	318
1383087087841	1383087088159	318
1383087087851	1383087088169	318
1383087087861	1383087088179	318
1383087087871	1383087088189	318
1383087087881	1383087088199	318
1383087087891	1383087088209	318
1383087087901	1383087088220	319
1383087087911	1383087088229	318
1383087087921	1383087088239	318
1383087087931	1383087088249	318
1383087087941	1383087088259	318
1383087087951	1383087088269	318
1383087087961	1383087088279	318
1383087087971	1383087088289	318
1383087087981	1383087088300	319
1383087087991	1383087088309	318
1383087088001	1383087088319	318
1383087088011	1383087088329	318
1383087088021	1383087088339	318
1383087088031	1383087088349	318
1383087088041	1383087088359	318
1383087088051	1383087088370	319
1383087088061	1383087088379	318
1383087088071	1383087088389	318
1383087088081	1383087088400	319
1383087088091	1383087088409	318
1383087088101	1383087088419	318
1383087088111	1383087088429	318
1383087088121	1383087088439	318
1383087088131	1383087088449	318
1383087088141	1383087088459	318
1383087088151	1383087088469	318
1383087088161	1383087088479	318
1383087088171	1383087088488	317
1383087088181	1383087088500	319
1383087088191	1383087088509	318
1383087088201	1383087088520	319
1383087088211	1383087088529	318
1383087088221	1383087088539	318
1383087088231	1383087088548	317
1383087088241	1383087088559	318
1383087088251	1383087088570	319
1383087088261	1383087088579	318
1383087088271	1383087088589	318
1383087088281	1383087088600	319
1383087088291	1383087088609	318
1383087088301	1383087088619	318
1383087088311	1383087088629	318
1383087088321	1383087088639	318
1383087088331	1383087088650	319
1383087088341	1383087088659	318
1383087088351	1383087088669	318
1383087088361	1383087088679	318
1383087088371	1383087088689	318
1383087088381	1383087088698	317
1383087088391	1383087088709	318
1383087088401	1383087088719	318
1383087088411	1383087088729	318
1383087088421	1383087088739	318
1383087088431	1383087088749	318
1383087088441	1383087088759	318
1383087088451	1383087088769	318
1383087088461	1383087088779	318
1383087088471	1383087088789	318
1383087088481	1383087088798	317
1383087088491	1383087088809	318
1383087088501	1383087088820	319
1383087088511	1383087088829	318
1383087088521	1383087088838	317
1383087088531	1383087088849	318
1383087088541	1383087088860	319
1383087088551	1383087088869	318
1383087088561	1383087088879	318
1383087088571	1383087088889	318
1383087088581	1383087088900	319
1383087088591	1383087088909	318
1383087088601	1383087088919	318
1383087088611	1383087088929	318
1383087088621	1383087088939	318
1383087088631	1383087088949	318
1383087088641	1383087088959	318
1383087088651	1383087088969	318
1383087088661	1383087088979	318
1383087088671	1383087088990	319
1383087088681	1383087089000	319
1383087088691	1383087089009	318
1383087088701	1383087089019	318
1383087088711	1383087089029	318
1383087088721	1383087089040	319
1383087088731	1383087089049	318
1383087088741	1383087089058	317
1383087088751	1383087089070	319
1383087088761	1383087089079	318
1383087088771	1383087089089	318
1383087088781	1383087089100	319
1383087088791	1383087089109	318
1383087088801	1383087089119	318
1383087088811	1383087089129	318
1383087088821	1383087089139	318
1383087088831	1383087089149	318
1383087088841	1383087089159	318
1383087088851	1383087089169	318
1383087088861	1383087089178	317
1383087088871	1383087089189	318
1383087088881	1383087089200	319
1383087088891	1383087089208	317
1383087088901	1383087089218	317
1383087088911	1383087089229	318
1383087088921	1383087089239	318
1383087088931	1383087089249	318
1383087088941	1383087089258	317
1383087088951	1383087089269	318
1383087088961	1383087089279	318
1383087088971	1383087089289	318
1383087088981	1383087089300	319
1383087088991	1383087089308	317
1383087089001	1383087089318	317
1383087089011	1383087089330	319
1383087089021	1383087089339	318
1383087089031	1383087089348	317
1383087089041	1383087089359	318
1383087089051	1383087089369	318
1383087089061	1383087089378	317
1383087089071	1383087089389	318
1383087089081	1383087089398	317
1383087089091	1383087089409	318
1383087089101	1383087089419	318
1383087089111	1383087089429	318
1383087089121	1383087089438	317
1383087089131	1383087089449	318
1383087089141	1383087089459	318
1383087089151	1383087089469	318
1383087089161	1383087089479	318
1383087089171	1383087089489	318
1383087089181	1383087089509	328
1383087089191	1383087089510	319
1383087089201	1383087089519	318
1383087089211	1383087089528	317
1383087089221	1383087089539	318
1383087089231	1383087089548	317
1383087089241	1383087089558	317
1383087089251	1383087089569	318
1383087089261	1383087089578	317
1383087089271	1383087089589	318
1383087089281	1383087089600	319
1383087089291	1383087089608	317
1383087089301	1383087089619	318
1383087089311	1383087089629	318
