# gnuplot data for packet timing
# ts	local_ts	difference
1383087064363	1383087064051	312
1383087064373	1383087064061	312
1383087064383	1383087064072	311
1383087064393	1383087064081	312
1383087064403	1383087064091	312
1383087064413	1383087064102	311
1383087064423	1383087064112	311
1383087064433	1383087064122	311
1383087064443	1383087064132	311
1383087064453	1383087064141	312
1383087064463	1383087064151	312
1383087064473	1383087064161	312
1383087064483	1383087064173	310
1383087064493	1383087064182	311
1383087064503	1383087064191	312
1383087064513	1383087064201	312
1383087064523	1383087064211	312
1383087064533	1383087064221	312
1383087064543	1383087064231	312
1383087064553	1383087064241	312
1383087064563	1383087064252	311
1383087064573	1383087064261	312
1383087064583	1383087064290	293
1383087064593	1383087064290	303
1383087064603	1383087064293	310
1383087064613	1383087064302	311
1383087064623	1383087064349	274
1383087064633	1383087064350	283
1383087064643	1383087064353	290
1383087064653	1383087064354	299
1383087064663	1383087064357	306
1383087064673	1383087064361	312
1383087064683	1383087064372	311
1383087064693	1383087064381	312
1383087064703	1383087064391	312
1383087064713	1383087064401	312
1383087064723	1383087064412	311
1383087064733	1383087064421	312
1383087064743	1383087064431	312
1383087064753	1383087064442	311
1383087064763	1383087064452	311
1383087064773	1383087064462	311
1383087064783	1383087064472	311
1383087064793	1383087064482	311
1383087064803	1383087064492	311
1383087064813	1383087064501	312
1383087064823	1383087064512	311
1383087064833	1383087064522	311
1383087064843	1383087064531	312
1383087064853	1383087064542	311
1383087064863	1383087064552	311
1383087064873	1383087064561	312
1383087064883	1383087064571	312
1383087064893	1383087064581	312
1383087064903	1383087064591	312
1383087064913	1383087064601	312
1383087064923	1383087064612	311
1383087064933	1383087064621	312
1383087064943	1383087064631	312
1383087064953	1383087064641	312
1383087064963	1383087064651	312
1383087064973	1383087064661	312
1383087064983	1383087064671	312
1383087064993	1383087064695	298
1383087065003	1383087064696	307
1383087065013	1383087064700	313
1383087065023	1383087064711	312
1383087065033	1383087064721	312
1383087065043	1383087064732	311
1383087065053	1383087064741	312
1383087065063	1383087064751	312
1383087065073	1383087064761	312
1383087065083	1383087064771	312
1383087065093	1383087064781	312
1383087065103	1383087064791	312
1383087065113	1383087064801	312
1383087065123	1383087064811	312
1383087065133	1383087064821	312
1383087065143	1383087064831	312
1383087065153	1383087064841	312
1383087065163	1383087064851	312
1383087065173	1383087064861	312
1383087065183	1383087064871	312
1383087065193	1383087064881	312
1383087065203	1383087064891	312
1383087065213	1383087064901	312
1383087065223	1383087064911	312
1383087065233	1383087064921	312
1383087065243	1383087064931	312
1383087065253	1383087064941	312
1383087065263	1383087064951	312
1383087065273	1383087064961	312
1383087065283	1383087064971	312
1383087065293	1383087064981	312
1383087065303	1383087064991	312
1383087065313	1383087065001	312
1383087065323	1383087065011	312
1383087065333	1383087065021	312
1383087065343	1383087065031	312
1383087065353	1383087065064	289
1383087065363	1383087065066	297
1383087065373	1383087065068	305
1383087065383	1383087065072	311
1383087065393	1383087065081	312
1383087065403	1383087065091	312
1383087065413	1383087065102	311
1383087065423	1383087065111	312
1383087065433	1383087065122	311
1383087065443	1383087065131	312
1383087065453	1383087065141	312
1383087065463	1383087065151	312
1383087065473	1383087065161	312
1383087065483	1383087065171	312
1383087065493	1383087065182	311
1383087065503	1383087065192	311
1383087065513	1383087065201	312
1383087065523	1383087065212	311
1383087065533	1383087065224	309
1383087065543	1383087065231	312
1383087065553	1383087065241	312
1383087065563	1383087065251	312
1383087065573	1383087065261	312
1383087065583	1383087065271	312
1383087065593	1383087065281	312
1383087065603	1383087065291	312
1383087065613	1383087065301	312
1383087065623	1383087065311	312
1383087065633	1383087065321	312
1383087065643	1383087065331	312
1383087065653	1383087065341	312
1383087065663	1383087065351	312
1383087065673	1383087065361	312
1383087065683	1383087065371	312
1383087065693	1383087065381	312
1383087065703	1383087065391	312
1383087065713	1383087065401	312
1383087065723	1383087065411	312
1383087065733	1383087065422	311
1383087065743	1383087065431	312
1383087065753	1383087065441	312
1383087065763	1383087065452	311
1383087065773	1383087065461	312
1383087065783	1383087065471	312
1383087065793	1383087065481	312
1383087065803	1383087065491	312
1383087065813	1383087065502	311
1383087065823	1383087065511	312
1383087065833	1383087065521	312
1383087065843	1383087065531	312
1383087065853	1383087065541	312
1383087065863	1383087065551	312
1383087065873	1383087065561	312
1383087065883	1383087065572	311
1383087065893	1383087065581	312
1383087065903	1383087065591	312
1383087065913	1383087065601	312
1383087065923	1383087065612	311
1383087065933	1383087065622	311
1383087065943	1383087065631	312
1383087065953	1383087065641	312
1383087065963	1383087065651	312
1383087065973	1383087065661	312
1383087065983	1383087065671	312
1383087065993	1383087065681	312
1383087066003	1383087065691	312
1383087066013	1383087065701	312
1383087066023	1383087065711	312
1383087066033	1383087065721	312
1383087066043	1383087065732	311
1383087066053	1383087065741	312
1383087066063	1383087065751	312
1383087066073	1383087065761	312
1383087066083	1383087065771	312
1383087066093	1383087065781	312
1383087066103	1383087065791	312
1383087066113	1383087065801	312
1383087066123	1383087065811	312
1383087066133	1383087065821	312
1383087066143	1383087065831	312
1383087066153	1383087065841	312
1383087066163	1383087065861	302
1383087066173	1383087065861	312
1383087066183	1383087065872	311
1383087066193	1383087065881	312
1383087066203	1383087065891	312
1383087066213	1383087065901	312
1383087066223	1383087065911	312
1383087066233	1383087065921	312
1383087066243	1383087065931	312
1383087066253	1383087065941	312
1383087066263	1383087065951	312
1383087066273	1383087065962	311
1383087066283	1383087065971	312
1383087066293	1383087065981	312
1383087066303	1383087065991	312
1383087066313	1383087066001	312
1383087066323	1383087066011	312
1383087066333	1383087066021	312
1383087066343	1383087066031	312
1383087066353	1383087066041	312
1383087066363	1383087066052	311
1383087066373	1383087066061	312
1383087066383	1383087066071	312
1383087066393	1383087066081	312
1383087066403	1383087066091	312
1383087066413	1383087066101	312
1383087066423	1383087066111	312
1383087066433	1383087066121	312
1383087066443	1383087066131	312
1383087066453	1383087066142	311
1383087066463	1383087066151	312
1383087066473	1383087066161	312
1383087066483	1383087066171	312
1383087066493	1383087066181	312
1383087066503	1383087066191	312
1383087066513	1383087066201	312
1383087066523	1383087066211	312
1383087066533	1383087066221	312
1383087066543	1383087066231	312
1383087066553	1383087066241	312
1383087066563	1383087066251	312
1383087066573	1383087066261	312
1383087066583	1383087066271	312
1383087066593	1383087066281	312
1383087066603	1383087066291	312
1383087066613	1383087066301	312
1383087066623	1383087066311	312
1383087066633	1383087066321	312
1383087066643	1383087066331	312
1383087066653	1383087066342	311
1383087066663	1383087066351	312
1383087066673	1383087066361	312
1383087066683	1383087066371	312
1383087066693	1383087066381	312
1383087066703	1383087066391	312
1383087066713	1383087066401	312
1383087066723	1383087066411	312
1383087066733	1383087066421	312
1383087066743	1383087066431	312
1383087066753	1383087066441	312
1383087066763	1383087066451	312
1383087066773	1383087066461	312
1383087066783	1383087066471	312
1383087066793	1383087066481	312
1383087066803	1383087066491	312
1383087066813	1383087066501	312
1383087066823	1383087066511	312
1383087066833	1383087066521	312
1383087066843	1383087066531	312
1383087066853	1383087066541	312
1383087066863	1383087066551	312
1383087066873	1383087066561	312
1383087066883	1383087066571	312
1383087066893	1383087066581	312
1383087066903	1383087066595	308
1383087066913	1383087066601	312
1383087066923	1383087066611	312
1383087066933	1383087066621	312
1383087066943	1383087066631	312
1383087066953	1383087066641	312
1383087066963	1383087066651	312
1383087066973	1383087066661	312
1383087066983	1383087066671	312
1383087066993	1383087066681	312
1383087067003	1383087066691	312
1383087067013	1383087066701	312
1383087067023	1383087066711	312
1383087067033	1383087066721	312
1383087067043	1383087066731	312
1383087067053	1383087066741	312
1383087067063	1383087066751	312
1383087067073	1383087066761	312
1383087067083	1383087066771	312
1383087067093	1383087066781	312
1383087067103	1383087066791	312
1383087067113	1383087066801	312
1383087067123	1383087066811	312
1383087067133	1383087066821	312
1383087067143	1383087066831	312
1383087067153	1383087066841	312
1383087067163	1383087066851	312
1383087067173	1383087066861	312
1383087067183	1383087066871	312
1383087067193	1383087066881	312
1383087067203	1383087066891	312
1383087067213	1383087066901	312
1383087067223	1383087066911	312
1383087067233	1383087066921	312
1383087067243	1383087066931	312
1383087067253	1383087066941	312
1383087067263	1383087066951	312
1383087067273	1383087066961	312
1383087067283	1383087066971	312
1383087067293	1383087066981	312
1383087067303	1383087066991	312
1383087067313	1383087067001	312
1383087067323	1383087067011	312
1383087067333	1383087067021	312
1383087067343	1383087067031	312
1383087067353	1383087067041	312
1383087067363	1383087067051	312
1383087067373	1383087067061	312
1383087067383	1383087067071	312
1383087067393	1383087067081	312
1383087067403	1383087067091	312
1383087067413	1383087067101	312
1383087067423	1383087067111	312
1383087067433	1383087067122	311
1383087067443	1383087067131	312
1383087067453	1383087067141	312
1383087067463	1383087067151	312
1383087067473	1383087067161	312
1383087067483	1383087067180	303
1383087067493	1383087067181	312
1383087067503	1383087067191	312
1383087067513	1383087067201	312
1383087067523	1383087067211	312
1383087067533	1383087067221	312
1383087067543	1383087067232	311
1383087067553	1383087067241	312
1383087067563	1383087067251	312
1383087067573	1383087067261	312
1383087067583	1383087067271	312
1383087067593	1383087067281	312
1383087067603	1383087067291	312
1383087067613	1383087067301	312
1383087067623	1383087067311	312
1383087067633	1383087067321	312
1383087067643	1383087067331	312
1383087067653	1383087067341	312
1383087067663	1383087067351	312
1383087067673	1383087067361	312
1383087067683	1383087067371	312
1383087067693	1383087067381	312
1383087067703	1383087067391	312
1383087067713	1383087067401	312
1383087067723	1383087067411	312
1383087067733	1383087067421	312
1383087067743	1383087067431	312
1383087067753	1383087067441	312
1383087067763	1383087067451	312
1383087067773	1383087067461	312
1383087067783	1383087067471	312
1383087067793	1383087067481	312
1383087067803	1383087067506	297
1383087067813	1383087067508	305
1383087067823	1383087067511	312
1383087067833	1383087067521	312
1383087067843	1383087067531	312
1383087067853	1383087067542	311
1383087067863	1383087067551	312
1383087067873	1383087067561	312
1383087067883	1383087067571	312
1383087067893	1383087067581	312
1383087067903	1383087067591	312
1383087067913	1383087067601	312
1383087067923	1383087067611	312
1383087067933	1383087067621	312
1383087067943	1383087067631	312
1383087067953	1383087067641	312
1383087067963	1383087067651	312
1383087067973	1383087067661	312
1383087067983	1383087067672	311
1383087067993	1383087067681	312
1383087068003	1383087067691	312
1383087068013	1383087067701	312
1383087068023	1383087067711	312
1383087068033	1383087067721	312
1383087068043	1383087067731	312
1383087068053	1383087067741	312
1383087068063	1383087067751	312
1383087068073	1383087067761	312
1383087068083	1383087067771	312
1383087068093	1383087067781	312
1383087068103	1383087067791	312
1383087068113	1383087067801	312
1383087068123	1383087067811	312
1383087068133	1383087067821	312
1383087068143	1383087067831	312
1383087068153	1383087067841	312
1383087068163	1383087067851	312
1383087068173	1383087067861	312
1383087068183	1383087067871	312
1383087068193	1383087067881	312
1383087068203	1383087067890	313
1383087068213	1383087067901	312
1383087068223	1383087067911	312
1383087068233	1383087067944	289
1383087068243	1383087067945	298
1383087068253	1383087067947	306
1383087068263	1383087067952	311
1383087068273	1383087067961	312
1383087068283	1383087067971	312
1383087068293	1383087067981	312
1383087068303	1383087067991	312
1383087068313	1383087068001	312
1383087068323	1383087068011	312
1383087068333	1383087068021	312
1383087068343	1383087068031	312
1383087068353	1383087068041	312
1383087068363	1383087068053	310
1383087068373	1383087068061	312
1383087068383	1383087068071	312
1383087068393	1383087068081	312
1383087068403	1383087068091	312
1383087068413	1383087068101	312
1383087068423	1383087068111	312
1383087068433	1383087068122	311
1383087068443	1383087068132	311
1383087068453	1383087068141	312
1383087068463	1383087068152	311
1383087068473	1383087068161	312
1383087068483	1383087068171	312
1383087068493	1383087068182	311
1383087068503	1383087068192	311
1383087068513	1383087068201	312
1383087068523	1383087068211	312
1383087068533	1383087068221	312
1383087068543	1383087068232	311
1383087068553	1383087068244	309
1383087068563	1383087068251	312
1383087068573	1383087068261	312
1383087068583	1383087068271	312
1383087068593	1383087068282	311
1383087068603	1383087068291	312
1383087068613	1383087068301	312
1383087068623	1383087068311	312
1383087068633	1383087068321	312
1383087068643	1383087068331	312
1383087068653	1383087068341	312
1383087068663	1383087068351	312
1383087068673	1383087068361	312
1383087068683	1383087068385	298
1383087068693	1383087068386	307
1383087068703	1383087068391	312
1383087068713	1383087068401	312
1383087068723	1383087068411	312
1383087068733	1383087068422	311
1383087068743	1383087068431	312
1383087068753	1383087068441	312
1383087068763	1383087068451	312
1383087068773	1383087068461	312
1383087068783	1383087068471	312
1383087068793	1383087068481	312
1383087068803	1383087068491	312
1383087068813	1383087068501	312
1383087068823	1383087068511	312
1383087068833	1383087068521	312
1383087068843	1383087068531	312
1383087068853	1383087068541	312
1383087068863	1383087068551	312
1383087068873	1383087068561	312
1383087068883	1383087068571	312
1383087068893	1383087068581	312
1383087068903	1383087068591	312
1383087068913	1383087068601	312
1383087068923	1383087068611	312
1383087068933	1383087068621	312
1383087068943	1383087068631	312
1383087068953	1383087068641	312
1383087068963	1383087068652	311
1383087068973	1383087068661	312
1383087068983	1383087068671	312
1383087068993	1383087068681	312
1383087069003	1383087068691	312
1383087069013	1383087068701	312
1383087069023	1383087068723	300
1383087069033	1383087068724	309
1383087069043	1383087068731	312
1383087069053	1383087068741	312
1383087069063	1383087068751	312
1383087069073	1383087068761	312
1383087069083	1383087068771	312
1383087069093	1383087068781	312
1383087069103	1383087068791	312
1383087069113	1383087068801	312
1383087069123	1383087068811	312
1383087069133	1383087068821	312
1383087069143	1383087068832	311
1383087069153	1383087068841	312
1383087069163	1383087068851	312
1383087069173	1383087068861	312
1383087069183	1383087068871	312
1383087069193	1383087068881	312
1383087069203	1383087068891	312
1383087069213	1383087068901	312
1383087069223	1383087068911	312
1383087069233	1383087068921	312
1383087069243	1383087068931	312
1383087069253	1383087068941	312
1383087069263	1383087068951	312
1383087069273	1383087068961	312
1383087069283	1383087068971	312
1383087069293	1383087068981	312
1383087069303	1383087068991	312
1383087069313	1383087069001	312
1383087069323	1383087069011	312
1383087069333	1383087069021	312
1383087069343	1383087069031	312
1383087069353	1383087069041	312
1383087069363	1383087069051	312
1383087069373	1383087069061	312
1383087069383	1383087069071	312
1383087069393	1383087069081	312
1383087069403	1383087069091	312
1383087069413	1383087069101	312
1383087069423	1383087069111	312
1383087069433	1383087069121	312
1383087069443	1383087069131	312
1383087069453	1383087069141	312
1383087069463	1383087069152	311
1383087069473	1383087069161	312
1383087069483	1383087069171	312
1383087069493	1383087069181	312
1383087069503	1383087069191	312
1383087069513	1383087069201	312
1383087069523	1383087069211	312
1383087069533	1383087069221	312
1383087069543	1383087069231	312
1383087069553	1383087069241	312
1383087069563	1383087069251	312
1383087069573	1383087069261	312
1383087069583	1383087069271	312
1383087069593	1383087069281	312
1383087069603	1383087069291	312
1383087069613	1383087069301	312
1383087069623	1383087069311	312
1383087069633	1383087069321	312
1383087069643	1383087069331	312
1383087069653	1383087069341	312
1383087069663	1383087069351	312
1383087069673	1383087069361	312
1383087069683	1383087069371	312
1383087069693	1383087069381	312
1383087069703	1383087069391	312
1383087069713	1383087069401	312
1383087069723	1383087069411	312
1383087069733	1383087069421	312
1383087069743	1383087069431	312
1383087069753	1383087069441	312
1383087069763	1383087069451	312
1383087069773	1383087069461	312
1383087069783	1383087069471	312
1383087069793	1383087069481	312
1383087069803	1383087069491	312
1383087069813	1383087069501	312
1383087069823	1383087069511	312
1383087069833	1383087069521	312
1383087069843	1383087069531	312
1383087069853	1383087069541	312
1383087069863	1383087069551	312
1383087069873	1383087069561	312
1383087069883	1383087069571	312
1383087069893	1383087069581	312
1383087069903	1383087069591	312
1383087069913	1383087069601	312
1383087069923	1383087069611	312
1383087069933	1383087069621	312
1383087069943	1383087069631	312
1383087069953	1383087069641	312
1383087069963	1383087069651	312
1383087069973	1383087069661	312
1383087069983	1383087069671	312
1383087069993	1383087069681	312
1383087070003	1383087069691	312
1383087070013	1383087069701	312
1383087070023	1383087069711	312
1383087070033	1383087069721	312
1383087070043	1383087069731	312
1383087070053	1383087069741	312
1383087070063	1383087069751	312
1383087070073	1383087069880	193
1383087070083	1383087069880	203
1383087070093	1383087069884	209
1383087070103	1383087069885	218
1383087070113	1383087069888	225
1383087070123	1383087069890	233
1383087070133	1383087069894	239
1383087070143	1383087069894	249
1383087070153	1383087069897	256
1383087070163	1383087069901	262
1383087070173	1383087069902	271
1383087070183	1383087069904	279
1383087070193	1383087069908	285
1383087070203	1383087069909	294
1383087070213	1383087069911	302
1383087070223	1383087069914	309
1383087070233	1383087069921	312
1383087070243	1383087070051	192
1383087070253	1383087070051	202
1383087070263	1383087070092	171
1383087070273	1383087070093	180
1383087070283	1383087070220	63
1383087070293	1383087070223	70
1383087070303	1383087070224	79
1383087070313	1383087070228	85
1383087070323	1383087070229	94
1383087070333	1383087070232	101
1383087070343	1383087070236	107
1383087070353	1383087070236	117
1383087070363	1383087070239	124
1383087070373	1383087070243	130
1383087070383	1383087070244	139
1383087070393	1383087070247	146
1383087070403	1383087070250	153
1383087070413	1383087070251	162
1383087070423	1383087070254	169
1383087070433	1383087070257	176
1383087070443	1383087070258	185
1383087070453	1383087070260	193
1383087070463	1383087070264	199
1383087070473	1383087070265	208
1383087070483	1383087070368	115
1383087070493	1383087070369	124
1383087070503	1383087070371	132
1383087070513	1383087070372	141
1383087070523	1383087070375	148
1383087070533	1383087070376	157
1383087070543	1383087070380	163
1383087070553	1383087070381	172
1383087070563	1383087070384	179
1383087070573	1383087070385	188
1383087070583	1383087070388	195
1383087070593	1383087070389	204
1383087070603	1383087070391	212
1383087070613	1383087070392	221
1383087070623	1383087070394	229
1383087070633	1383087070395	238
1383087070643	1383087070397	246
1383087070653	1383087070398	255
1383087070663	1383087070401	262
1383087070673	1383087070402	271
1383087070683	1383087070405	278
1383087070693	1383087070405	288
1383087070703	1383087070408	295
1383087070713	1383087070409	304
1383087070723	1383087070529	194
1383087070733	1383087070531	202
1383087070743	1383087070532	211
1383087070753	1383087070535	218
1383087070763	1383087070536	227
1383087070773	1383087070538	235
1383087070783	1383087070539	244
1383087070793	1383087070541	252
1383087070803	1383087070542	261
1383087070813	1383087070561	252
1383087070823	1383087070562	261
1383087070833	1383087070564	269
1383087070843	1383087070565	278
1383087070853	1383087070568	285
1383087070863	1383087070569	294
1383087070873	1383087070572	301
1383087070883	1383087070573	310
1383087070893	1383087070692	201
1383087070903	1383087070694	209
1383087070913	1383087070696	217
1383087070923	1383087070698	225
1383087070933	1383087070699	234
1383087070943	1383087070701	242
1383087070953	1383087070703	250
1383087070963	1383087070705	258
1383087070973	1383087070706	267
1383087070983	1383087070710	273
1383087070993	1383087070710	283
1383087071003	1383087070713	290
1383087071013	1383087070714	299
1383087071023	1383087070716	307
1383087071033	1383087070721	312
1383087071043	1383087070731	312
1383087071053	1383087070791	262
1383087071063	1383087070792	271
1383087071073	1383087070796	277
1383087071083	1383087070797	286
1383087071093	1383087070800	293
1383087071103	1383087070804	299
1383087071113	1383087070804	309
1383087071123	1383087070811	312
1383087071133	1383087070821	312
1383087071143	1383087070831	312
1383087071153	1383087070955	198
1383087071163	1383087070956	207
1383087071173	1383087070959	214
1383087071183	1383087070960	223
1383087071193	1383087070964	229
1383087071203	1383087070965	238
1383087071213	1383087070967	246
1383087071223	1383087070970	253
1383087071233	1383087070970	263
1383087071243	1383087070973	270
1383087071253	1383087070977	276
1383087071263	1383087070978	285
1383087071273	1383087070980	293
1383087071283	1383087070983	300
1383087071293	1383087070984	309
1383087071303	1383087070991	312
1383087071313	1383087071118	195
1383087071323	1383087071118	205
1383087071333	1383087071122	211
1383087071343	1383087071123	220
1383087071353	1383087071127	226
1383087071363	1383087071127	236
1383087071373	1383087071131	242
1383087071383	1383087071131	252
1383087071393	1383087071134	259
1383087071403	1383087071137	266
1383087071413	1383087071138	275
1383087071423	1383087071140	283
1383087071433	1383087071143	290
1383087071443	1383087071144	299
1383087071453	1383087071146	307
1383087071463	1383087071151	312
1383087071473	1383087071161	312
1383087071483	1383087071281	202
1383087071493	1383087071282	211
1383087071503	1383087071286	217
1383087071513	1383087071287	226
1383087071523	1383087071291	232
1383087071533	1383087071291	242
1383087071543	1383087071297	246
1383087071553	1383087071297	256
1383087071563	1383087071300	263
1383087071573	1383087071301	272
1383087071583	1383087071305	278
1383087071593	1383087071305	288
1383087071603	1383087071308	295
1383087071613	1383087071311	302
1383087071623	1383087071312	311
1383087071633	1383087071321	312
1383087071643	1383087071405	238
1383087071653	1383087071406	247
1383087071663	1383087071409	254
1383087071673	1383087071413	260
1383087071683	1383087071414	269
1383087071693	1383087071416	277
1383087071703	1383087071420	283
1383087071713	1383087071420	293
1383087071723	1383087071423	300
1383087071733	1383087071427	306
1383087071743	1383087071431	312
1383087071753	1383087071441	312
1383087071763	1383087071569	194
1383087071773	1383087071569	204
1383087071783	1383087071573	210
1383087071793	1383087071574	219
1383087071803	1383087071577	226
1383087071813	1383087071578	235
1383087071823	1383087071582	241
1383087071833	1383087071582	251
1383087071843	1383087071585	258
1383087071853	1383087071588	265
1383087071863	1383087071589	274
1383087071873	1383087071591	282
1383087071883	1383087071595	288
1383087071893	1383087071596	297
1383087071903	1383087071598	305
1383087071913	1383087071601	312
1383087071923	1383087071611	312
1383087071933	1383087071733	200
1383087071943	1383087071734	209
1383087071953	1383087071736	217
1383087071963	1383087071740	223
1383087071973	1383087071741	232
1383087071983	1383087071743	240
1383087071993	1383087071747	246
1383087072003	1383087071747	256
1383087072013	1383087071750	263
1383087072023	1383087071754	269
1383087072033	1383087071754	279
1383087072043	1383087071757	286
1383087072053	1383087071761	292
1383087072063	1383087071762	301
1383087072073	1383087071896	177
1383087072083	1383087071897	186
1383087072093	1383087071900	193
1383087072103	1383087071904	199
1383087072113	1383087071905	208
1383087072123	1383087071907	216
1383087072133	1383087071910	223
1383087072143	1383087071911	232
1383087072153	1383087071913	240
1383087072163	1383087071917	246
1383087072173	1383087071918	255
1383087072183	1383087071920	263
1383087072193	1383087071924	269
1383087072203	1383087071924	279
1383087072213	1383087071927	286
1383087072223	1383087071930	293
1383087072233	1383087071931	302
1383087072243	1383087071934	309
1383087072253	1383087072059	194
1383087072263	1383087072059	204
1383087072273	1383087072063	210
1383087072283	1383087072064	219
1383087072293	1383087072067	226
1383087072303	1383087072068	235
1383087072313	1383087072072	241
1383087072323	1383087072073	250
1383087072333	1383087072075	258
1383087072343	1383087072079	264
1383087072353	1383087072080	273
1383087072363	1383087072082	281
1383087072373	1383087072085	288
1383087072383	1383087072086	297
1383087072393	1383087072089	304
1383087072403	1383087072092	311
1383087072413	1383087072101	312
1383087072423	1383087072224	199
1383087072433	1383087072224	209
1383087072443	1383087072228	215
1383087072453	1383087072229	224
1383087072463	1383087072232	231
1383087072473	1383087072235	238
1383087072483	1383087072235	248
1383087072493	1383087072238	255
1383087072503	1383087072241	262
1383087072513	1383087072242	271
1383087072523	1383087072244	279
1383087072533	1383087072248	285
1383087072543	1383087072249	294
1383087072553	1383087072251	302
1383087072563	1383087072255	308
1383087072573	1383087072261	312
1383087072583	1383087072386	197
1383087072593	1383087072386	207
1383087072603	1383087072428	175
1383087072613	1383087072429	184
1383087072623	1383087072431	192
1383087072633	1383087072435	198
1383087072643	1383087072436	207
1383087072653	1383087072438	215
1383087072663	1383087072445	218
1383087072673	1383087072446	227
1383087072683	1383087072448	235
1383087072693	1383087072452	241
1383087072703	1383087072452	251
1383087072713	1383087072455	258
1383087072723	1383087072459	264
1383087072733	1383087072460	273
1383087072743	1383087072462	281
1383087072753	1383087072466	287
1383087072763	1383087072466	297
1383087072773	1383087072470	303
1383087072783	1383087072473	310
1383087072793	1383087072482	311
1383087072803	1383087072491	312
1383087072813	1383087072501	312
1383087072823	1383087072512	311
1383087072833	1383087072521	312
1383087072843	1383087072531	312
1383087072853	1383087072542	311
1383087072863	1383087072552	311
1383087072873	1383087072561	312
1383087072883	1383087072572	311
1383087072893	1383087072581	312
1383087072903	1383087072591	312
1383087072913	1383087072602	311
1383087072923	1383087072611	312
1383087072933	1383087072621	312
1383087072943	1383087072631	312
1383087072953	1383087072656	297
1383087072963	1383087072656	307
1383087072973	1383087072661	312
1383087072983	1383087072671	312
1383087072993	1383087072681	312
1383087073003	1383087072691	312
1383087073013	1383087072702	311
1383087073023	1383087072711	312
1383087073033	1383087072721	312
1383087073043	1383087072732	311
1383087073053	1383087072742	311
1383087073063	1383087072752	311
1383087073073	1383087072761	312
1383087073083	1383087072771	312
1383087073093	1383087072781	312
1383087073103	1383087072791	312
1383087073113	1383087072801	312
1383087073123	1383087072811	312
1383087073133	1383087072821	312
1383087073143	1383087072831	312
1383087073153	1383087072841	312
1383087073163	1383087072851	312
1383087073173	1383087072862	311
1383087073183	1383087072871	312
1383087073193	1383087072881	312
1383087073203	1383087072891	312
1383087073213	1383087072901	312
1383087073223	1383087072911	312
1383087073233	1383087072921	312
1383087073243	1383087072931	312
1383087073253	1383087072941	312
1383087073263	1383087072952	311
1383087073273	1383087072962	311
1383087073283	1383087072971	312
1383087073293	1383087072981	312
1383087073303	1383087072991	312
1383087073313	1383087073001	312
1383087073323	1383087073011	312
1383087073333	1383087073021	312
1383087073343	1383087073031	312
1383087073353	1383087073041	312
1383087073363	1383087073051	312
1383087073373	1383087073061	312
1383087073383	1383087073071	312
1383087073393	1383087073081	312
1383087073403	1383087073091	312
1383087073413	1383087073120	293
1383087073423	1383087073120	303
1383087073433	1383087073124	309
1383087073443	1383087073132	311
1383087073453	1383087073141	312
1383087073463	1383087073151	312
1383087073473	1383087073161	312
1383087073483	1383087073171	312
1383087073493	1383087073181	312
1383087073503	1383087073191	312
1383087073513	1383087073201	312
1383087073523	1383087073211	312
1383087073533	1383087073221	312
1383087073543	1383087073231	312
1383087073553	1383087073241	312
1383087073563	1383087073251	312
1383087073573	1383087073263	310
1383087073583	1383087073271	312
1383087073593	1383087073281	312
1383087073603	1383087073292	311
1383087073613	1383087073302	311
1383087073623	1383087073311	312
1383087073633	1383087073321	312
1383087073643	1383087073331	312
1383087073653	1383087073341	312
1383087073663	1383087073352	311
1383087073673	1383087073361	312
1383087073683	1383087073372	311
1383087073693	1383087073382	311
1383087073703	1383087073392	311
1383087073713	1383087073401	312
1383087073723	1383087073411	312
1383087073733	1383087073421	312
1383087073743	1383087073431	312
1383087073753	1383087073441	312
1383087073763	1383087073452	311
1383087073773	1383087073461	312
1383087073783	1383087073472	311
1383087073793	1383087073481	312
1383087073803	1383087073491	312
1383087073813	1383087073501	312
1383087073823	1383087073511	312
1383087073833	1383087073521	312
1383087073843	1383087073531	312
1383087073853	1383087073541	312
1383087073863	1383087073551	312
1383087073873	1383087073561	312
1383087073883	1383087073571	312
1383087073893	1383087073581	312
1383087073903	1383087073591	312
1383087073913	1383087073601	312
1383087073923	1383087073611	312
1383087073933	1383087073621	312
1383087073943	1383087073632	311
1383087073953	1383087073641	312
1383087073963	1383087073651	312
1383087073973	1383087073661	312
1383087073983	1383087073671	312
1383087073993	1383087073681	312
1383087074003	1383087073691	312
1383087074013	1383087073701	312
1383087074023	1383087073711	312
1383087074033	1383087073721	312
1383087074043	1383087073731	312
1383087074053	1383087073741	312
1383087074063	1383087073752	311
1383087074073	1383087073761	312
1383087074083	1383087073771	312
1383087074093	1383087073781	312
1383087074103	1383087073791	312
1383087074113	1383087073801	312
1383087074123	1383087073811	312
1383087074133	1383087073821	312
1383087074143	1383087073831	312
1383087074153	1383087073841	312
1383087074163	1383087073851	312
1383087074173	1383087073862	311
1383087074183	1383087073872	311
1383087074193	1383087073881	312
1383087074203	1383087073891	312
1383087074213	1383087073902	311
1383087074223	1383087073911	312
1383087074233	1383087073921	312
1383087074243	1383087073932	311
1383087074253	1383087073941	312
1383087074263	1383087073951	312
1383087074273	1383087073962	311
1383087074283	1383087073971	312
1383087074293	1383087073981	312
1383087074303	1383087073991	312
1383087074313	1383087074002	311
1383087074323	1383087074011	312
1383087074333	1383087074022	311
1383087074343	1383087074031	312
1383087074353	1383087074041	312
1383087074363	1383087074052	311
1383087074373	1383087074061	312
1383087074383	1383087074071	312
1383087074393	1383087074082	311
1383087074403	1383087074091	312
1383087074413	1383087074101	312
1383087074423	1383087074112	311
1383087074433	1383087074121	312
1383087074443	1383087074132	311
1383087074453	1383087074141	312
1383087074463	1383087074151	312
1383087074473	1383087074162	311
1383087074483	1383087074171	312
1383087074493	1383087074181	312
1383087074503	1383087074191	312
1383087074513	1383087074201	312
1383087074523	1383087074211	312
1383087074533	1383087074221	312
1383087074543	1383087074231	312
1383087074553	1383087074241	312
1383087074563	1383087074251	312
1383087074573	1383087074261	312
1383087074583	1383087074272	311
1383087074593	1383087074281	312
1383087074603	1383087074292	311
1383087074613	1383087074301	312
1383087074623	1383087074311	312
1383087074633	1383087074321	312
1383087074643	1383087074331	312
1383087074653	1383087074341	312
1383087074663	1383087074351	312
1383087074673	1383087074361	312
1383087074683	1383087074371	312
1383087074693	1383087074381	312
1383087074703	1383087074391	312
1383087074713	1383087074401	312
1383087074723	1383087074411	312
1383087074733	1383087074421	312
1383087074743	1383087074431	312
1383087074753	1383087074441	312
1383087074763	1383087074451	312
1383087074773	1383087074461	312
1383087074783	1383087074471	312
1383087074793	1383087074482	311
1383087074803	1383087074491	312
1383087074813	1383087074502	311
1383087074823	1383087074511	312
1383087074833	1383087074521	312
1383087074843	1383087074531	312
1383087074853	1383087074541	312
1383087074863	1383087074551	312
1383087074873	1383087074561	312
1383087074883	1383087074571	312
1383087074893	1383087074581	312
1383087074903	1383087074591	312
1383087074913	1383087074601	312
1383087074923	1383087074611	312
1383087074933	1383087074621	312
1383087074943	1383087074631	312
1383087074953	1383087074641	312
1383087074963	1383087074651	312
1383087074973	1383087074661	312
1383087074983	1383087074671	312
1383087074993	1383087074681	312
1383087075003	1383087074691	312
1383087075013	1383087074702	311
1383087075023	1383087074711	312
1383087075033	1383087074721	312
1383087075043	1383087074731	312
1383087075053	1383087074741	312
1383087075063	1383087074751	312
1383087075073	1383087074761	312
1383087075083	1383087074771	312
1383087075093	1383087074781	312
1383087075103	1383087074791	312
1383087075113	1383087074801	312
1383087075123	1383087074811	312
1383087075133	1383087074822	311
1383087075143	1383087074831	312
1383087075153	1383087074841	312
1383087075163	1383087074851	312
1383087075173	1383087074862	311
1383087075183	1383087074871	312
1383087075193	1383087074881	312
1383087075203	1383087074892	311
1383087075213	1383087074911	302
1383087075223	1383087074912	311
1383087075233	1383087074922	311
1383087075243	1383087074932	311
1383087075253	1383087074941	312
1383087075263	1383087074951	312
1383087075273	1383087074961	312
1383087075283	1383087074971	312
1383087075293	1383087074981	312
1383087075303	1383087074991	312
1383087075313	1383087075001	312
1383087075323	1383087075011	312
1383087075333	1383087075021	312
1383087075343	1383087075031	312
1383087075353	1383087075041	312
1383087075363	1383087075051	312
1383087075373	1383087075062	311
1383087075383	1383087075071	312
1383087075393	1383087075081	312
1383087075403	1383087075091	312
1383087075413	1383087075101	312
1383087075423	1383087075111	312
1383087075433	1383087075121	312
1383087075443	1383087075131	312
1383087075453	1383087075141	312
1383087075463	1383087075151	312
1383087075473	1383087075161	312
1383087075483	1383087075171	312
1383087075493	1383087075182	311
1383087075503	1383087075209	294
1383087075513	1383087075236	277
1383087075523	1383087075238	285
1383087075533	1383087075240	293
1383087075543	1383087075241	302
1383087075553	1383087075244	309
1383087075563	1383087075251	312
1383087075573	1383087075262	311
1383087075583	1383087075271	312
1383087075593	1383087075282	311
1383087075603	1383087075292	311
1383087075613	1383087075301	312
1383087075623	1383087075311	312
1383087075633	1383087075321	312
1383087075643	1383087075331	312
1383087075653	1383087075341	312
1383087075663	1383087075351	312
1383087075673	1383087075361	312
1383087075683	1383087075371	312
1383087075693	1383087075381	312
1383087075703	1383087075391	312
1383087075713	1383087075401	312
1383087075723	1383087075411	312
1383087075733	1383087075421	312
1383087075743	1383087075431	312
1383087075753	1383087075441	312
1383087075763	1383087075453	310
1383087075773	1383087075461	312
1383087075783	1383087075471	312
1383087075793	1383087075481	312
1383087075803	1383087075491	312
1383087075813	1383087075502	311
1383087075823	1383087075511	312
1383087075833	1383087075521	312
1383087075843	1383087075531	312
1383087075853	1383087075541	312
1383087075863	1383087075551	312
1383087075873	1383087075561	312
1383087075883	1383087075571	312
1383087075893	1383087075581	312
1383087075903	1383087075592	311
1383087075913	1383087075601	312
1383087075923	1383087075611	312
1383087075933	1383087075621	312
1383087075943	1383087075632	311
1383087075953	1383087075641	312
1383087075963	1383087075651	312
1383087075973	1383087075661	312
1383087075983	1383087075671	312
1383087075993	1383087075681	312
1383087076003	1383087075692	311
1383087076013	1383087075701	312
1383087076023	1383087075712	311
1383087076033	1383087075721	312
1383087076043	1383087075731	312
1383087076053	1383087075742	311
1383087076063	1383087075751	312
1383087076073	1383087075761	312
1383087076083	1383087075772	311
1383087076093	1383087075781	312
1383087076103	1383087075792	311
1383087076113	1383087075801	312
1383087076123	1383087075811	312
1383087076133	1383087075821	312
1383087076143	1383087075831	312
1383087076153	1383087075841	312
1383087076163	1383087075851	312
1383087076173	1383087075862	311
1383087076183	1383087075872	311
1383087076193	1383087075881	312
1383087076203	1383087075891	312
1383087076213	1383087075920	293
1383087076223	1383087075921	302
1383087076233	1383087075924	309
1383087076243	1383087075932	311
1383087076253	1383087075942	311
1383087076263	1383087075951	312
1383087076273	1383087075961	312
1383087076283	1383087075971	312
1383087076293	1383087075981	312
1383087076303	1383087075991	312
1383087076313	1383087076001	312
1383087076323	1383087076011	312
1383087076333	1383087076021	312
1383087076343	1383087076031	312
1383087076353	1383087076042	311
1383087076363	1383087076051	312
1383087076373	1383087076061	312
1383087076383	1383087076071	312
1383087076393	1383087076081	312
1383087076403	1383087076091	312
1383087076413	1383087076101	312
1383087076423	1383087076111	312
1383087076433	1383087076121	312
1383087076443	1383087076132	311
1383087076453	1383087076141	312
1383087076463	1383087076151	312
1383087076473	1383087076162	311
1383087076483	1383087076171	312
1383087076493	1383087076182	311
1383087076503	1383087076191	312
1383087076513	1383087076201	312
1383087076523	1383087076211	312
1383087076533	1383087076221	312
1383087076543	1383087076231	312
1383087076553	1383087076241	312
1383087076563	1383087076251	312
1383087076573	1383087076263	310
1383087076583	1383087076271	312
1383087076593	1383087076281	312
1383087076603	1383087076292	311
1383087076613	1383087076301	312
1383087076623	1383087076311	312
1383087076633	1383087076321	312
1383087076643	1383087076331	312
1383087076653	1383087076342	311
1383087076663	1383087076351	312
1383087076673	1383087076361	312
1383087076683	1383087076371	312
1383087076693	1383087076381	312
1383087076703	1383087076391	312
1383087076713	1383087076401	312
1383087076723	1383087076411	312
1383087076733	1383087076421	312
1383087076743	1383087076431	312
1383087076753	1383087076442	311
1383087076763	1383087076451	312
1383087076773	1383087076461	312
1383087076783	1383087076471	312
1383087076793	1383087076481	312
1383087076803	1383087076491	312
1383087076813	1383087076501	312
1383087076823	1383087076511	312
1383087076833	1383087076521	312
1383087076843	1383087076531	312
1383087076853	1383087076541	312
1383087076863	1383087076551	312
1383087076873	1383087076561	312
1383087076883	1383087076571	312
1383087076893	1383087076581	312
1383087076903	1383087076592	311
1383087076913	1383087076601	312
1383087076923	1383087076611	312
1383087076933	1383087076621	312
1383087076943	1383087076631	312
1383087076953	1383087076641	312
1383087076963	1383087076651	312
1383087076973	1383087076661	312
1383087076983	1383087076672	311
1383087076993	1383087076681	312
1383087077003	1383087076692	311
1383087077013	1383087076701	312
1383087077023	1383087076711	312
1383087077033	1383087076721	312
1383087077043	1383087076731	312
1383087077053	1383087076741	312
1383087077063	1383087076751	312
1383087077073	1383087076761	312
1383087077083	1383087076771	312
1383087077093	1383087076781	312
1383087077103	1383087076791	312
1383087077113	1383087076801	312
1383087077123	1383087076811	312
1383087077133	1383087076821	312
1383087077143	1383087076831	312
1383087077153	1383087076841	312
1383087077163	1383087076851	312
1383087077173	1383087076861	312
1383087077183	1383087076871	312
1383087077193	1383087076882	311
1383087077203	1383087076891	312
1383087077213	1383087076901	312
1383087077223	1383087076911	312
1383087077233	1383087076922	311
1383087077243	1383087076932	311
1383087077253	1383087076977	276
1383087077263	1383087076977	286
1383087077273	1383087076980	293
1383087077283	1383087076980	303
1383087077293	1383087076993	300
1383087077303	1383087077019	284
1383087077313	1383087077021	292
1383087077323	1383087077022	301
1383087077333	1383087077072	261
1383087077343	1383087077073	270
1383087077353	1383087077075	278
1383087077363	1383087077077	286
1383087077373	1383087077124	249
1383087077383	1383087077428	45
1383087077393	1383087077539	146
1383087077403	1383087077770	367
1383087077413	1383087078197	784
1383087077423	1383087078204	781
1383087077433	1383087078320	887
1383087077443	1383087078321	878
1383087077453	1383087078324	871
1383087077463	1383087078326	863
1383087077473	1383087078328	855
1383087077483	1383087078330	847
1383087077493	1383087078372	879
1383087077503	1383087078373	870
1383087077513	1383087078375	862
1383087077523	1383087078376	853
1383087077533	1383087078379	846
1383087077543	1383087078380	837
1383087077553	1383087078383	830
1383087077563	1383087078384	821
1383087077573	1383087078386	813
1383087077583	1383087078387	804
1383087077593	1383087078422	829
1383087077603	1383087078423	820
1383087077613	1383087078426	813
1383087077623	1383087078426	803
1383087077633	1383087078430	797
1383087077643	1383087078431	788
1383087077653	1383087078434	781
1383087077663	1383087078434	771
1383087077673	1383087078437	764
1383087077683	1383087078438	755
1383087077693	1383087078446	753
1383087077703	1383087078447	744
1383087077713	1383087078451	738
1383087077723	1383087078451	728
1383087077733	1383087078454	721
1383087077743	1383087078455	712
1383087077753	1383087078457	704
1383087077763	1383087078458	695
1383087077773	1383087078461	688
1383087077783	1383087078462	679
1383087077793	1383087078464	671
1383087077803	1383087078465	662
1383087077813	1383087078468	655
1383087077823	1383087078469	646
1383087077833	1383087078471	638
1383087077843	1383087078472	629
1383087077853	1383087078475	622
1383087077863	1383087078476	613
1383087077873	1383087078479	606
1383087077883	1383087078480	597
1383087077893	1383087078482	589
1383087077903	1383087078483	580
1383087077913	1383087078486	573
1383087077923	1383087078487	564
1383087077933	1383087078490	557
1383087077943	1383087078491	548
1383087077953	1383087078493	540
1383087077963	1383087078494	531
1383087077973	1383087078497	524
1383087077983	1383087078498	515
1383087077993	1383087078501	508
1383087078003	1383087078502	499
1383087078013	1383087078506	493
1383087078023	1383087078506	483
1383087078033	1383087078509	476
1383087078043	1383087078510	467
1383087078053	1383087078513	460
1383087078063	1383087078513	450
1383087078073	1383087078516	443
1383087078083	1383087078517	434
1383087078094	1383087078520	426
1383087078103	1383087078521	418
1383087078113	1383087078523	410
1383087078123	1383087078524	401
1383087078133	1383087078527	394
1383087078143	1383087078528	385
1383087078153	1383087078530	377
1383087078163	1383087078531	368
1383087078173	1383087078534	361
1383087078183	1383087078535	352
1383087078193	1383087078537	344
1383087078203	1383087078538	335
1383087078213	1383087078541	328
1383087078223	1383087078542	319
1383087078233	1383087078544	311
1383087078243	1383087078545	302
1383087078253	1383087078548	295
1383087078263	1383087078549	286
1383087078273	1383087078551	278
1383087078283	1383087078552	269
1383087078293	1383087078554	261
1383087078303	1383087078555	252
1383087078313	1383087078558	245
1383087078323	1383087078558	235
1383087078333	1383087078561	228
1383087078343	1383087078562	219
1383087078353	1383087078564	211
1383087078363	1383087078565	202
1383087078373	1383087078567	194
1383087078383	1383087078568	185
1383087078393	1383087078571	178
1383087078403	1383087078572	169
1383087078413	1383087078575	162
1383087078423	1383087078576	153
1383087078433	1383087078578	145
1383087078443	1383087078579	136
1383087078453	1383087078582	129
1383087078463	1383087078583	120
1383087078473	1383087078585	112
1383087078483	1383087078586	103
1383087078493	1383087078604	111
1383087078503	1383087078738	235
1383087078513	1383087078755	242
1383087078523	1383087078757	234
1383087078533	1383087078758	225
1383087078543	1383087078761	218
1383087078553	1383087078762	209
1383087078563	1383087078764	201
1383087078573	1383087078765	192
1383087078583	1383087078767	184
1383087078593	1383087078768	175
1383087078603	1383087078771	168
1383087078613	1383087078800	187
1383087078623	1383087078801	178
1383087078633	1383087078804	171
1383087078643	1383087078805	162
1383087078653	1383087078808	155
1383087078663	1383087078809	146
1383087078673	1383087078811	138
1383087078683	1383087078812	129
1383087078693	1383087078816	123
1383087078703	1383087078816	113
1383087078713	1383087078819	106
1383087078723	1383087078821	98
1383087078733	1383087078823	90
1383087078743	1383087078824	81
1383087078753	1383087078826	73
1383087078763	1383087078827	64
1383087078773	1383087078830	57
1383087078783	1383087078831	48
1383087078793	1383087078833	40
1383087078803	1383087078834	31
1383087078813	1383087078837	24
1383087078823	1383087078837	14
1383087078833	1383087078840	7
1383087078843	1383087078841	2
1383087078853	1383087078844	9
1383087078863	1383087078844	19
1383087078873	1383087078847	26
1383087078883	1383087078848	35
1383087078893	1383087078851	42
1383087078903	1383087078852	51
1383087078913	1383087078854	59
1383087078923	1383087078855	68
1383087078933	1383087078858	75
1383087078943	1383087078858	85
1383087078953	1383087078862	91
1383087078963	1383087078863	100
1383087078973	1383087078865	108
1383087078983	1383087078866	117
1383087078993	1383087078869	124
1383087079003	1383087078869	134
1383087079013	1383087078872	141
1383087079023	1383087078874	149
1383087079033	1383087078876	157
1383087079043	1383087078877	166
1383087079053	1383087078880	173
1383087079063	1383087078880	183
1383087079073	1383087078883	190
1383087079083	1383087078884	199
1383087079093	1383087078887	206
1383087079103	1383087078888	215
1383087079113	1383087078896	217
1383087079123	1383087078896	227
1383087079133	1383087078899	234
1383087079143	1383087078900	243
1383087079153	1383087078902	251
1383087079163	1383087078903	260
1383087079173	1383087078906	267
1383087079183	1383087078907	276
1383087079193	1383087078910	283
1383087079203	1383087078910	293
1383087079213	1383087078913	300
1383087079223	1383087078914	309
1383087079233	1383087078922	311
1383087079243	1383087078931	312
1383087079253	1383087078941	312
1383087079263	1383087078951	312
1383087079273	1383087078961	312
1383087079283	1383087078971	312
1383087079293	1383087078981	312
1383087079303	1383087078991	312
1383087079313	1383087079001	312
1383087079323	1383087079011	312
1383087079333	1383087079021	312
1383087079343	1383087079044	299
1383087079353	1383087079045	308
1383087079363	1383087079052	311
1383087079373	1383087079061	312
1383087079383	1383087079071	312
1383087079393	1383087079081	312
1383087079403	1383087079091	312
1383087079413	1383087079101	312
1383087079423	1383087079111	312
1383087079433	1383087079121	312
1383087079443	1383087079131	312
1383087079453	1383087079141	312
1383087079463	1383087079152	311
1383087079473	1383087079161	312
1383087079483	1383087079171	312
1383087079493	1383087079181	312
1383087079503	1383087079191	312
1383087079513	1383087079201	312
1383087079523	1383087079211	312
1383087079533	1383087079221	312
1383087079543	1383087079244	299
1383087079553	1383087079245	308
1383087079563	1383087079251	312
1383087079573	1383087079261	312
1383087079583	1383087079271	312
1383087079593	1383087079281	312
1383087079603	1383087079292	311
1383087079613	1383087079317	296
1383087079623	1383087079318	305
1383087079633	1383087079362	271
1383087079643	1383087079363	280
1383087079653	1383087079366	287
1383087079663	1383087079412	251
1383087079673	1383087079413	260
1383087079683	1383087079433	250
1383087079693	1383087079434	259
1383087079703	1383087079437	266
1383087079713	1383087079438	275
1383087079723	1383087079440	283
1383087079733	1383087079441	292
1383087079743	1383087079444	299
1383087079753	1383087079445	308
1383087079763	1383087079451	312
1383087079773	1383087079461	312
1383087079783	1383087079471	312
1383087079793	1383087079481	312
1383087079803	1383087079491	312
1383087079813	1383087079501	312
1383087079823	1383087079511	312
1383087079833	1383087079521	312
1383087079843	1383087079531	312
1383087079853	1383087079541	312
1383087079863	1383087079551	312
1383087079873	1383087079561	312
1383087079883	1383087079571	312
1383087079893	1383087079581	312
1383087079903	1383087079591	312
1383087079913	1383087079601	312
1383087079923	1383087079611	312
1383087079933	1383087079621	312
1383087079943	1383087079656	287
1383087079953	1383087079656	297
1383087079963	1383087079660	303
1383087079973	1383087079661	312
1383087079983	1383087079671	312
1383087079993	1383087079681	312
1383087080003	1383087079691	312
1383087080013	1383087079701	312
1383087080023	1383087079711	312
1383087080033	1383087079721	312
1383087080043	1383087079731	312
1383087080053	1383087079741	312
1383087080063	1383087079751	312
1383087080073	1383087079761	312
1383087080083	1383087079771	312
1383087080093	1383087079781	312
1383087080103	1383087079791	312
1383087080113	1383087079801	312
1383087080123	1383087079811	312
1383087080133	1383087079821	312
1383087080143	1383087079856	287
1383087080153	1383087079857	296
1383087080163	1383087079861	302
1383087080173	1383087079862	311
1383087080183	1383087079871	312
1383087080193	1383087079881	312
1383087080203	1383087079892	311
1383087080213	1383087079902	311
1383087080223	1383087079911	312
1383087080233	1383087079921	312
1383087080243	1383087079932	311
1383087080253	1383087079942	311
1383087080263	1383087079951	312
1383087080273	1383087079962	311
1383087080283	1383087079971	312
1383087080293	1383087079981	312
1383087080303	1383087079991	312
1383087080313	1383087080001	312
1383087080323	1383087080011	312
1383087080333	1383087080021	312
1383087080343	1383087080056	287
1383087080353	1383087080057	296
1383087080363	1383087080060	303
1383087080373	1383087080061	312
1383087080383	1383087080071	312
1383087080393	1383087080081	312
1383087080403	1383087080091	312
1383087080413	1383087080101	312
1383087080423	1383087080111	312
1383087080433	1383087080121	312
1383087080443	1383087080131	312
1383087080453	1383087080141	312
1383087080463	1383087080151	312
1383087080473	1383087080161	312
1383087080483	1383087080171	312
1383087080493	1383087080182	311
1383087080503	1383087080191	312
1383087080513	1383087080201	312
1383087080523	1383087080212	311
1383087080533	1383087080221	312
1383087080543	1383087080256	287
1383087080553	1383087080257	296
1383087080563	1383087080260	303
1383087080573	1383087080261	312
1383087080583	1383087080271	312
1383087080593	1383087080282	311
1383087080603	1383087080291	312
1383087080613	1383087080301	312
1383087080623	1383087080311	312
1383087080633	1383087080321	312
1383087080643	1383087080331	312
1383087080653	1383087080341	312
1383087080663	1383087080351	312
1383087080673	1383087080361	312
1383087080683	1383087080371	312
1383087080693	1383087080381	312
1383087080703	1383087080391	312
1383087080713	1383087080401	312
1383087080723	1383087080411	312
1383087080733	1383087080421	312
1383087080743	1383087080457	286
1383087080753	1383087080457	296
1383087080763	1383087080461	302
1383087080773	1383087080461	312
1383087080783	1383087080471	312
1383087080793	1383087080481	312
1383087080803	1383087080491	312
1383087080813	1383087080501	312
1383087080823	1383087080511	312
1383087080833	1383087080522	311
1383087080843	1383087080531	312
1383087080853	1383087080541	312
1383087080863	1383087080551	312
1383087080873	1383087080561	312
1383087080883	1383087080571	312
1383087080893	1383087080581	312
1383087080903	1383087080592	311
1383087080913	1383087080601	312
1383087080923	1383087080611	312
1383087080933	1383087080621	312
1383087080943	1383087080656	287
1383087080953	1383087080657	296
1383087080963	1383087080661	302
1383087080973	1383087080661	312
1383087080983	1383087080671	312
1383087080993	1383087080681	312
1383087081003	1383087080691	312
1383087081013	1383087080701	312
1383087081023	1383087080711	312
1383087081033	1383087080721	312
1383087081043	1383087080731	312
1383087081053	1383087080741	312
1383087081063	1383087080751	312
1383087081073	1383087080761	312
1383087081083	1383087080771	312
1383087081093	1383087080781	312
1383087081103	1383087080791	312
1383087081113	1383087080802	311
1383087081123	1383087080811	312
1383087081133	1383087080821	312
1383087081143	1383087080856	287
1383087081153	1383087080857	296
1383087081163	1383087080860	303
1383087081173	1383087080861	312
1383087081183	1383087080894	289
1383087081193	1383087080895	298
1383087081203	1383087080898	305
1383087081213	1383087080901	312
1383087081223	1383087080912	311
1383087081233	1383087080923	310
1383087081243	1383087080932	311
1383087081253	1383087080943	310
1383087081263	1383087080952	311
1383087081273	1383087080961	312
1383087081283	1383087080972	311
1383087081293	1383087080982	311
1383087081303	1383087080992	311
1383087081313	1383087081002	311
1383087081323	1383087081012	311
1383087081333	1383087081022	311
1383087081343	1383087081032	311
1383087081353	1383087081041	312
1383087081363	1383087081052	311
1383087081373	1383087081061	312
1383087081383	1383087081071	312
1383087081393	1383087081082	311
1383087081403	1383087081092	311
1383087081413	1383087081102	311
1383087081423	1383087081112	311
1383087081433	1383087081121	312
1383087081443	1383087081132	311
1383087081453	1383087081141	312
1383087081463	1383087081152	311
1383087081473	1383087081162	311
1383087081483	1383087081172	311
1383087081493	1383087081182	311
1383087081503	1383087081191	312
1383087081513	1383087081201	312
1383087081523	1383087081211	312
1383087081533	1383087081222	311
1383087081543	1383087081232	311
1383087081553	1383087081241	312
1383087081563	1383087081252	311
1383087081573	1383087081262	311
1383087081583	1383087081271	312
1383087081593	1383087081282	311
1383087081603	1383087081291	312
1383087081613	1383087081301	312
1383087081623	1383087081311	312
1383087081633	1383087081322	311
1383087081643	1383087081331	312
1383087081653	1383087081341	312
1383087081663	1383087081351	312
1383087081673	1383087081362	311
1383087081683	1383087081371	312
1383087081693	1383087081381	312
1383087081703	1383087081391	312
1383087081713	1383087081401	312
1383087081723	1383087081411	312
1383087081733	1383087081421	312
1383087081743	1383087081432	311
1383087081753	1383087081443	310
1383087081763	1383087081451	312
1383087081773	1383087081462	311
1383087081783	1383087081472	311
1383087081793	1383087081482	311
1383087081803	1383087081492	311
1383087081813	1383087081502	311
1383087081823	1383087081511	312
1383087081833	1383087081521	312
1383087081843	1383087081531	312
1383087081853	1383087081541	312
1383087081863	1383087081552	311
1383087081873	1383087081562	311
1383087081883	1383087081572	311
1383087081893	1383087081581	312
1383087081903	1383087081591	312
1383087081913	1383087081602	311
1383087081923	1383087081612	311
1383087081933	1383087081621	312
1383087081943	1383087081631	312
1383087081953	1383087081641	312
1383087081963	1383087081651	312
1383087081973	1383087081661	312
1383087081983	1383087081671	312
1383087081993	1383087081681	312
1383087082003	1383087081691	312
1383087082013	1383087081701	312
1383087082023	1383087081711	312
1383087082033	1383087081722	311
1383087082043	1383087081731	312
1383087082053	1383087081741	312
1383087082063	1383087081751	312
1383087082073	1383087081762	311
1383087082083	1383087081771	312
1383087082093	1383087081781	312
1383087082103	1383087081791	312
1383087082113	1383087081802	311
1383087082123	1383087081812	311
1383087082133	1383087081822	311
1383087082143	1383087081831	312
1383087082153	1383087081842	311
1383087082163	1383087081851	312
1383087082173	1383087081861	312
1383087082183	1383087081872	311
1383087082193	1383087081882	311
1383087082203	1383087081892	311
1383087082213	1383087081901	312
1383087082223	1383087081911	312
1383087082233	1383087081922	311
1383087082243	1383087081931	312
1383087082253	1383087081941	312
1383087082263	1383087081951	312
1383087082273	1383087081961	312
1383087082283	1383087081971	312
1383087082293	1383087081982	311
1383087082303	1383087081992	311
1383087082313	1383087082001	312
1383087082323	1383087082012	311
1383087082333	1383087082021	312
1383087082343	1383087082031	312
1383087082353	1383087082043	310
1383087082363	1383087082052	311
1383087082373	1383087082061	312
1383087082383	1383087082072	311
1383087082393	1383087082082	311
1383087082403	1383087082092	311
1383087082413	1383087082101	312
1383087082423	1383087082112	311
1383087082433	1383087082121	312
1383087082443	1383087082132	311
1383087082454	1383087082142	312
1383087082463	1383087082152	311
1383087082473	1383087082162	311
1383087082483	1383087082172	311
1383087082493	1383087082182	311
1383087082504	1383087082191	313
1383087082513	1383087082202	311
1383087082523	1383087082211	312
1383087082533	1383087082222	311
1383087082543	1383087082232	311
1383087082553	1383087082242	311
1383087082563	1383087082251	312
1383087082573	1383087082261	312
1383087082583	1383087082271	312
1383087082594	1383087082282	312
1383087082604	1383087082291	313
1383087082613	1383087082302	311
1383087082624	1383087082311	313
1383087082634	1383087082322	312
1383087082644	1383087082333	311
1383087082653	1383087082342	311
1383087082663	1383087082352	311
1383087082673	1383087082362	311
1383087082684	1383087082371	313
1383087082694	1383087082382	312
1383087082704	1383087082392	312
1383087082713	1383087082402	311
1383087082723	1383087082412	311
1383087082733	1383087082422	311
1383087082743	1383087082432	311
1383087082753	1383087082441	312
1383087082764	1383087082452	312
1383087082774	1383087082462	312
1383087082783	1383087082472	311
1383087082793	1383087082481	312
1383087082803	1383087082492	311
1383087082814	1383087082501	313
1383087082824	1383087082511	313
1383087082833	1383087082521	312
1383087082844	1383087082532	312
1383087082853	1383087082542	311
1383087082863	1383087082552	311
1383087082874	1383087082561	313
1383087082884	1383087082572	312
1383087082893	1383087082582	311
1383087082903	1383087082592	311
1383087082913	1383087082601	312
1383087082923	1383087082611	312
1383087082933	1383087082623	310
1383087082943	1383087082632	311
1383087082953	1383087082641	312
1383087082963	1383087082651	312
1383087082973	1383087082662	311
1383087082983	1383087082672	311
1383087082993	1383087082682	311
1383087083003	1383087082691	312
1383087083013	1383087082701	312
1383087083023	1383087082711	312
1383087083033	1383087082722	311
1383087083043	1383087082731	312
1383087083053	1383087082741	312
1383087083063	1383087082751	312
1383087083073	1383087082761	312
1383087083083	1383087082771	312
1383087083093	1383087082781	312
1383087083103	1383087082791	312
1383087083113	1383087082801	312
1383087083123	1383087082811	312
1383087083133	1383087082821	312
1383087083143	1383087082833	310
1383087083153	1383087082841	312
1383087083163	1383087082851	312
1383087083173	1383087082863	310
1383087083183	1383087082871	312
1383087083193	1383087082881	312
1383087083203	1383087082891	312
1383087083213	1383087082901	312
1383087083223	1383087082911	312
1383087083233	1383087082921	312
1383087083243	1383087082931	312
1383087083253	1383087082941	312
1383087083263	1383087082951	312
1383087083273	1383087082962	311
1383087083283	1383087082971	312
1383087083293	1383087082982	311
1383087083303	1383087082992	311
1383087083313	1383087083001	312
1383087083323	1383087083012	311
1383087083333	1383087083022	311
1383087083343	1383087083032	311
1383087083353	1383087083042	311
1383087083363	1383087083051	312
1383087083373	1383087083061	312
1383087083383	1383087083072	311
1383087083393	1383087083082	311
1383087083403	1383087083091	312
1383087083413	1383087083101	312
1383087083423	1383087083111	312
1383087083433	1383087083122	311
1383087083443	1383087083132	311
1383087083453	1383087083141	312
1383087083463	1383087083151	312
1383087083473	1383087083162	311
1383087083483	1383087083171	312
1383087083493	1383087083181	312
1383087083503	1383087083191	312
1383087083513	1383087083202	311
1383087083523	1383087083212	311
1383087083533	1383087083222	311
1383087083543	1383087083232	311
1383087083553	1383087083242	311
1383087083563	1383087083252	311
1383087083573	1383087083261	312
1383087083583	1383087083271	312
1383087083593	1383087083281	312
1383087083603	1383087083292	311
1383087083613	1383087083302	311
1383087083623	1383087083311	312
1383087083633	1383087083321	312
1383087083643	1383087083332	311
1383087083653	1383087083341	312
1383087083663	1383087083351	312
1383087083673	1383087083361	312
1383087083683	1383087083372	311
1383087083693	1383087083382	311
1383087083703	1383087083392	311
1383087083713	1383087083402	311
1383087083723	1383087083412	311
1383087083733	1383087083421	312
1383087083743	1383087083432	311
1383087083753	1383087083441	312
1383087083763	1383087083451	312
1383087083773	1383087083462	311
1383087083783	1383087083471	312
1383087083793	1383087083481	312
1383087083803	1383087083492	311
1383087083813	1383087083502	311
1383087083823	1383087083512	311
1383087083833	1383087083522	311
1383087083843	1383087083532	311
1383087083853	1383087083542	311
1383087083863	1383087083552	311
1383087083874	1383087083562	312
1383087083883	1383087083572	311
1383087083893	1383087083582	311
1383087083903	1383087083592	311
1383087083913	1383087083601	312
1383087083923	1383087083612	311
1383087083933	1383087083621	312
1383087083943	1383087083631	312
1383087083953	1383087083641	312
1383087083963	1383087083651	312
1383087083973	1383087083661	312
1383087083983	1383087083671	312
1383087083993	1383087083681	312
1383087084003	1383087083691	312
1383087084013	1383087083701	312
1383087084023	1383087083711	312
1383087084033	1383087083722	311
1383087084043	1383087083731	312
1383087084053	1383087083742	311
1383087084063	1383087083751	312
1383087084073	1383087083762	311
1383087084083	1383087083771	312
1383087084093	1383087083781	312
1383087084103	1383087083793	310
1383087084113	1383087083802	311
1383087084123	1383087083811	312
1383087084133	1383087083822	311
1383087084143	1383087083831	312
1383087084153	1383087083841	312
1383087084163	1383087083851	312
1383087084173	1383087083862	311
1383087084183	1383087083872	311
1383087084193	1383087083882	311
1383087084203	1383087083891	312
1383087084213	1383087083901	312
1383087084223	1383087083911	312
1383087084233	1383087083921	312
1383087084243	1383087083931	312
1383087084253	1383087083941	312
1383087084263	1383087083951	312
1383087084273	1383087083962	311
1383087084283	1383087083972	311
1383087084293	1383087083982	311
1383087084303	1383087083992	311
1383087084313	1383087084001	312
1383087084323	1383087084011	312
1383087084333	1383087084021	312
1383087084343	1383087084032	311
1383087084353	1383087084042	311
1383087084363	1383087084052	311
1383087084373	1383087084061	312
1383087084383	1383087084072	311
1383087084393	1383087084081	312
1383087084403	1383087084092	311
1383087084413	1383087084101	312
1383087084423	1383087084112	311
1383087084433	1383087084122	311
1383087084443	1383087084131	312
1383087084453	1383087084141	312
1383087084463	1383087084152	311
1383087084473	1383087084161	312
1383087084483	1383087084171	312
1383087084493	1383087084181	312
1383087084503	1383087084192	311
1383087084513	1383087084201	312
1383087084523	1383087084211	312
1383087084533	1383087084221	312
1383087084543	1383087084232	311
1383087084553	1383087084242	311
1383087084563	1383087084252	311
1383087084573	1383087084261	312
1383087084583	1383087084271	312
1383087084593	1383087084282	311
1383087084603	1383087084291	312
1383087084613	1383087084301	312
1383087084623	1383087084311	312
1383087084633	1383087084322	311
1383087084643	1383087084332	311
1383087084653	1383087084342	311
1383087084663	1383087084351	312
1383087084673	1383087084361	312
1383087084683	1383087084371	312
1383087084693	1383087084381	312
1383087084703	1383087084391	312
1383087084713	1383087084401	312
1383087084723	1383087084411	312
1383087084733	1383087084422	311
1383087084743	1383087084432	311
1383087084753	1383087084442	311
1383087084763	1383087084451	312
1383087084773	1383087084462	311
1383087084784	1383087084471	313
1383087084793	1383087084481	312
1383087084803	1383087084491	312
1383087084813	1383087084501	312
1383087084823	1383087084512	311
1383087084833	1383087084521	312
1383087084843	1383087084531	312
1383087084853	1383087084542	311
1383087084863	1383087084552	311
1383087084873	1383087084561	312
1383087084883	1383087084571	312
1383087084893	1383087084581	312
1383087084903	1383087084621	282
1383087084913	1383087084622	291
1383087084923	1383087084625	298
1383087084933	1383087084625	308
1383087084943	1383087084632	311
1383087084953	1383087084641	312
1383087084964	1383087084651	313
1383087084974	1383087084661	313
1383087084983	1383087084671	312
1383087084993	1383087084681	312
1383087085003	1383087084691	312
1383087085014	1383087084702	312
1383087085024	1383087084711	313
1383087085034	1383087084722	312
1383087085044	1383087084731	313
1383087085053	1383087084741	312
1383087085064	1383087084752	312
1383087085074	1383087084762	312
1383087085083	1383087084771	312
1383087085093	1383087084781	312
1383087085103	1383087084791	312
1383087085114	1383087084801	313
1383087085124	1383087084812	312
1383087085133	1383087084821	312
1383087085144	1383087084831	313
1383087085153	1383087084841	312
1383087085163	1383087084851	312
1383087085174	1383087084862	312
1383087085184	1383087084891	293
1383087085193	1383087084892	301
1383087085203	1383087084895	308
1383087085213	1383087084902	311
1383087085223	1383087084911	312
1383087085233	1383087084921	312
1383087085243	1383087084932	311
1383087085253	1383087084941	312
1383087085263	1383087084951	312
1383087085273	1383087084962	311
1383087085283	1383087084971	312
1383087085293	1383087084982	311
1383087085303	1383087084991	312
1383087085313	1383087085001	312
1383087085323	1383087085012	311
1383087085333	1383087085021	312
1383087085343	1383087085031	312
1383087085353	1383087085041	312
1383087085363	1383087085052	311
1383087085373	1383087085062	311
1383087085383	1383087085071	312
1383087085393	1383087085082	311
1383087085403	1383087085092	311
1383087085413	1383087085102	311
1383087085423	1383087085112	311
1383087085433	1383087085121	312
1383087085443	1383087085131	312
1383087085453	1383087085142	311
1383087085463	1383087085152	311
1383087085473	1383087085162	311
1383087085483	1383087085172	311
1383087085493	1383087085182	311
1383087085504	1383087085192	312
1383087085513	1383087085202	311
1383087085523	1383087085212	311
1383087085533	1383087085221	312
1383087085543	1383087085232	311
1383087085553	1383087085241	312
1383087085563	1383087085251	312
1383087085573	1383087085262	311
1383087085583	1383087085271	312
1383087085594	1383087085282	312
1383087085604	1383087085292	312
1383087085614	1383087085301	313
1383087085623	1383087085312	311
1383087085634	1383087085322	312
1383087085643	1383087085345	298
1383087085654	1383087085346	308
1383087085664	1383087085351	313
1383087085674	1383087085361	313
1383087085684	1383087085371	313
1383087085694	1383087085381	313
1383087085703	1383087085391	312
1383087085713	1383087085401	312
1383087085724	1383087085411	313
1383087085734	1383087085421	313
1383087085743	1383087085431	312
1383087085753	1383087085441	312
1383087085763	1383087085451	312
1383087085773	1383087085461	312
1383087085783	1383087085472	311
1383087085793	1383087085482	311
1383087085803	1383087085491	312
1383087085813	1383087085502	311
1383087085823	1383087085512	311
1383087085833	1383087085521	312
1383087085843	1383087085531	312
1383087085853	1383087085541	312
1383087085863	1383087085551	312
1383087085873	1383087085561	312
1383087085883	1383087085571	312
1383087085893	1383087085581	312
1383087085903	1383087085591	312
1383087085913	1383087085601	312
1383087085923	1383087085611	312
1383087085933	1383087085621	312
1383087085943	1383087085631	312
1383087085953	1383087085641	312
1383087085963	1383087085652	311
1383087085973	1383087085661	312
1383087085983	1383087085671	312
1383087085993	1383087085682	311
1383087086003	1383087085692	311
1383087086013	1383087085701	312
1383087086023	1383087085736	287
1383087086033	1383087085736	297
1383087086043	1383087085739	304
1383087086053	1383087085742	311
1383087086063	1383087085752	311
1383087086073	1383087085761	312
1383087086083	1383087085771	312
1383087086093	1383087085781	312
1383087086103	1383087085791	312
1383087086113	1383087085801	312
1383087086123	1383087085811	312
1383087086133	1383087085821	312
1383087086143	1383087085831	312
1383087086153	1383087085841	312
1383087086163	1383087085851	312
1383087086173	1383087085861	312
1383087086183	1383087085872	311
1383087086193	1383087085882	311
1383087086203	1383087085891	312
1383087086213	1383087085901	312
1383087086223	1383087085925	298
1383087086233	1383087085926	307
1383087086243	1383087085931	312
1383087086253	1383087085942	311
1383087086263	1383087085951	312
1383087086273	1383087085961	312
1383087086283	1383087085971	312
1383087086293	1383087085981	312
1383087086303	1383087085991	312
1383087086313	1383087086001	312
1383087086323	1383087086011	312
1383087086333	1383087086021	312
1383087086343	1383087086031	312
1383087086353	1383087086043	310
1383087086363	1383087086052	311
1383087086373	1383087086061	312
1383087086383	1383087086072	311
1383087086393	1383087086082	311
1383087086403	1383087086091	312
1383087086413	1383087086102	311
1383087086423	1383087086136	287
1383087086433	1383087086136	297
1383087086443	1383087086139	304
1383087086453	1383087086141	312
1383087086463	1383087086151	312
1383087086473	1383087086161	312
1383087086483	1383087086172	311
1383087086493	1383087086181	312
1383087086503	1383087086192	311
1383087086513	1383087086201	312
1383087086523	1383087086212	311
1383087086533	1383087086223	310
1383087086543	1383087086231	312
1383087086553	1383087086241	312
1383087086563	1383087086252	311
1383087086573	1383087086263	310
1383087086583	1383087086272	311
1383087086593	1383087086282	311
1383087086603	1383087086292	311
1383087086613	1383087086302	311
1383087086623	1383087086311	312
1383087086633	1383087086321	312
1383087086643	1383087086332	311
1383087086653	1383087086341	312
1383087086663	1383087086351	312
1383087086673	1383087086361	312
1383087086683	1383087086371	312
1383087086693	1383087086382	311
1383087086703	1383087086391	312
1383087086713	1383087086401	312
1383087086723	1383087086411	312
1383087086733	1383087086421	312
1383087086743	1383087086432	311
1383087086753	1383087086442	311
1383087086763	1383087086451	312
1383087086773	1383087086462	311
1383087086783	1383087086472	311
1383087086793	1383087086482	311
1383087086803	1383087086492	311
1383087086813	1383087086501	312
1383087086823	1383087086511	312
1383087086833	1383087086522	311
1383087086843	1383087086532	311
1383087086853	1383087086541	312
1383087086863	1383087086552	311
1383087086873	1383087086562	311
1383087086883	1383087086572	311
1383087086893	1383087086582	311
1383087086903	1383087086591	312
1383087086913	1383087086601	312
1383087086923	1383087086612	311
1383087086933	1383087086621	312
1383087086943	1383087086631	312
1383087086953	1383087086641	312
1383087086963	1383087086652	311
1383087086973	1383087086662	311
1383087086983	1383087086671	312
1383087086993	1383087086682	311
1383087087003	1383087086692	311
1383087087013	1383087086701	312
1383087087023	1383087086711	312
1383087087033	1383087086721	312
1383087087043	1383087086731	312
1383087087054	1383087086741	313
1383087087063	1383087086752	311
1383087087074	1383087086762	312
1383087087083	1383087086771	312
1383087087093	1383087086782	311
1383087087104	1383087086792	312
1383087087113	1383087086801	312
1383087087123	1383087086811	312
1383087087133	1383087086822	311
1383087087143	1383087086831	312
1383087087153	1383087086841	312
1383087087163	1383087086852	311
1383087087173	1383087086862	311
1383087087183	1383087086871	312
1383087087193	1383087086881	312
1383087087203	1383087086891	312
1383087087213	1383087086901	312
1383087087223	1383087086911	312
1383087087233	1383087086921	312
1383087087243	1383087086931	312
1383087087253	1383087086942	311
1383087087263	1383087086951	312
1383087087274	1383087086962	312
1383087087284	1383087086972	312
1383087087294	1383087086982	312
1383087087304	1383087086992	312
1383087087314	1383087087002	312
1383087087324	1383087087012	312
1383087087334	1383087087022	312
1383087087344	1383087087032	312
1383087087354	1383087087042	312
1383087087364	1383087087052	312
1383087087374	1383087087062	312
1383087087384	1383087087072	312
1383087087394	1383087087082	312
1383087087404	1383087087092	312
1383087087414	1383087087101	313
1383087087424	1383087087111	313
1383087087434	1383087087122	312
1383087087444	1383087087132	312
1383087087454	1383087087142	312
1383087087463	1383087087152	311
1383087087474	1383087087162	312
1383087087484	1383087087172	312
1383087087494	1383087087182	312
1383087087503	1383087087194	309
1383087087514	1383087087202	312
1383087087523	1383087087212	311
1383087087534	1383087087221	313
1383087087544	1383087087233	311
1383087087553	1383087087251	302
1383087087563	1383087087253	310
1383087087573	1383087087262	311
1383087087583	1383087087271	312
1383087087594	1383087087282	312
1383087087604	1383087087292	312
1383087087614	1383087087302	312
1383087087624	1383087087311	313
1383087087634	1383087087322	312
1383087087644	1383087087331	313
1383087087654	1383087087342	312
1383087087663	1383087087352	311
1383087087674	1383087087362	312
1383087087684	1383087087372	312
1383087087694	1383087087382	312
1383087087704	1383087087392	312
1383087087714	1383087087402	312
1383087087724	1383087087412	312
1383087087734	1383087087422	312
1383087087744	1383087087432	312
1383087087754	1383087087442	312
1383087087763	1383087087452	311
1383087087774	1383087087462	312
1383087087784	1383087087472	312
1383087087793	1383087087482	311
1383087087803	1383087087492	311
1383087087813	1383087087502	311
1383087087823	1383087087512	311
1383087087833	1383087087521	312
1383087087843	1383087087531	312
1383087087853	1383087087543	310
1383087087863	1383087087552	311
1383087087873	1383087087561	312
1383087087883	1383087087572	311
1383087087893	1383087087582	311
1383087087903	1383087087592	311
1383087087913	1383087087601	312
1383087087923	1383087087611	312
1383087087933	1383087087623	310
1383087087943	1383087087632	311
1383087087953	1383087087641	312
1383087087963	1383087087652	311
1383087087973	1383087087662	311
1383087087983	1383087087671	312
1383087087993	1383087087682	311
1383087088003	1383087087692	311
1383087088013	1383087087701	312
1383087088023	1383087087712	311
1383087088033	1383087087722	311
1383087088043	1383087087731	312
1383087088053	1383087087742	311
1383087088063	1383087087751	312
1383087088073	1383087087762	311
1383087088083	1383087087772	311
1383087088093	1383087087782	311
1383087088103	1383087087792	311
1383087088113	1383087087802	311
1383087088123	1383087087811	312
1383087088133	1383087087822	311
1383087088143	1383087087832	311
1383087088153	1383087087842	311
1383087088163	1383087087852	311
1383087088173	1383087087862	311
1383087088183	1383087087872	311
1383087088193	1383087087881	312
1383087088203	1383087087891	312
1383087088213	1383087087903	310
1383087088223	1383087087912	311
1383087088233	1383087087922	311
1383087088243	1383087087932	311
1383087088253	1383087087942	311
1383087088263	1383087087952	311
1383087088273	1383087087962	311
1383087088283	1383087087971	312
1383087088293	1383087087982	311
1383087088303	1383087087991	312
1383087088313	1383087088001	312
1383087088323	1383087088012	311
1383087088333	1383087088022	311
1383087088343	1383087088032	311
1383087088353	1383087088042	311
1383087088364	1383087088052	312
1383087088373	1383087088062	311
1383087088383	1383087088071	312
1383087088394	1383087088083	311
1383087088403	1383087088092	311
1383087088413	1383087088102	311
1383087088423	1383087088112	311
1383087088433	1383087088122	311
1383087088444	1383087088132	312
1383087088453	1383087088142	311
1383087088463	1383087088152	311
1383087088473	1383087088162	311
1383087088483	1383087088172	311
1383087088493	1383087088182	311
1383087088503	1383087088192	311
1383087088513	1383087088202	311
1383087088523	1383087088212	311
1383087088533	1383087088222	311
1383087088543	1383087088232	311
1383087088553	1383087088242	311
1383087088563	1383087088252	311
1383087088573	1383087088262	311
1383087088583	1383087088272	311
1383087088594	1383087088282	312
1383087088604	1383087088292	312
1383087088614	1383087088302	312
1383087088624	1383087088312	312
1383087088634	1383087088322	312
1383087088644	1383087088332	312
1383087088653	1383087088342	311
1383087088664	1383087088352	312
1383087088674	1383087088362	312
1383087088684	1383087088371	313
1383087088694	1383087088382	312
1383087088704	1383087088392	312
1383087088713	1383087088402	311
1383087088724	1383087088412	312
1383087088734	1383087088422	312
1383087088744	1383087088432	312
1383087088754	1383087088442	312
1383087088764	1383087088452	312
1383087088774	1383087088462	312
1383087088784	1383087088472	312
1383087088794	1383087088482	312
1383087088804	1383087088492	312
1383087088814	1383087088503	311
1383087088824	1383087088512	312
1383087088834	1383087088522	312
1383087088843	1383087088532	311
1383087088854	1383087088542	312
1383087088864	1383087088552	312
1383087088874	1383087088562	312
1383087088884	1383087088571	313
1383087088894	1383087088582	312
1383087088904	1383087088591	313
1383087088914	1383087088602	312
1383087088924	1383087088612	312
1383087088934	1383087088622	312
1383087088944	1383087088632	312
1383087088954	1383087088642	312
1383087088964	1383087088652	312
1383087088974	1383087088662	312
1383087088984	1383087088672	312
1383087088993	1383087088682	311
1383087089004	1383087088692	312
1383087089014	1383087088702	312
1383087089024	1383087088712	312
1383087089033	1383087088722	311
1383087089044	1383087088732	312
1383087089054	1383087088741	313
1383087089064	1383087088753	311
1383087089074	1383087088762	312
1383087089084	1383087088772	312
1383087089094	1383087088782	312
1383087089104	1383087088792	312
1383087089114	1383087088802	312
1383087089124	1383087088812	312
1383087089134	1383087088822	312
1383087089144	1383087088832	312
1383087089154	1383087088841	313
1383087089163	1383087088852	311
1383087089173	1383087088861	312
1383087089183	1383087088871	312
1383087089193	1383087088883	310
1383087089203	1383087088891	312
1383087089213	1383087088901	312
1383087089223	1383087088912	311
1383087089233	1383087088922	311
1383087089243	1383087088932	311
1383087089253	1383087088941	312
1383087089263	1383087088952	311
1383087089273	1383087088962	311
1383087089283	1383087088972	311
1383087089293	1383087088982	311
1383087089303	1383087088991	312
1383087089314	1383087089001	313
1383087089323	1383087089013	310
1383087089333	1383087089022	311
1383087089343	1383087089032	311
1383087089353	1383087089042	311
1383087089363	1383087089052	311
1383087089373	1383087089061	312
1383087089383	1383087089072	311
1383087089393	1383087089082	311
1383087089403	1383087089092	311
1383087089413	1383087089102	311
1383087089423	1383087089112	311
1383087089433	1383087089122	311
1383087089443	1383087089132	311
1383087089453	1383087089142	311
1383087089463	1383087089152	311
1383087089473	1383087089162	311
1383087089483	1383087089171	312
1383087089493	1383087089182	311
1383087089503	1383087089196	307
1383087089513	1383087089202	311
1383087089523	1383087089211	312
1383087089533	1383087089222	311
1383087089543	1383087089231	312
1383087089553	1383087089242	311
1383087089563	1383087089253	310
1383087089573	1383087089262	311
1383087089583	1383087089271	312
1383087089593	1383087089283	310
1383087089603	1383087089292	311
1383087089613	1383087089302	311
1383087089623	1383087089312	311
1383087089633	1383087089322	311
1383087089643	1383087089331	312
1383087089654	1383087089342	312
1383087089664	1383087089351	313
1383087089674	1383087089362	312
1383087089684	1383087089372	312
1383087089694	1383087089382	312
1383087089704	1383087089391	313
1383087089713	1383087089402	311
1383087089724	1383087089412	312
1383087089734	1383087089422	312
1383087089744	1383087089432	312
1383087089754	1383087089442	312
1383087089764	1383087089452	312
1383087089773	1383087089463	310
1383087089783	1383087089472	311
1383087089794	1383087089482	312
1383087089804	1383087089492	312
1383087089814	1383087089502	312
1383087089823	1383087089512	311
1383087089833	1383087089521	312
1383087089844	1383087089532	312
1383087089854	1383087089542	312
1383087089864	1383087089552	312
1383087089873	1383087089562	311
1383087089883	1383087089571	312
1383087089894	1383087089583	311
1383087089903	1383087089592	311
1383087089913	1383087089602	311
1383087089923	1383087089611	312
1383087089934	1383087089622	312
1383087089944	1383087089632	312
1383087089953	1383087089642	311
1383087089963	1383087089652	311
1383087089973	1383087089662	311
1383087089984	1383087089671	313
1383087089994	1383087089682	312
1383087090003	1383087089692	311
1383087090013	1383087089701	312
1383087090023	1383087089711	312
1383087090033	1383087089721	312
1383087090043	1383087089732	311
1383087090054	1383087089741	313
1383087090063	1383087089752	311
1383087090074	1383087089762	312
1383087090084	1383087089772	312
1383087090094	1383087089781	313
1383087090104	1383087089792	312
1383087090114	1383087089802	312
1383087090124	1383087089812	312
1383087090134	1383087089822	312
1383087090143	1383087089832	311
1383087090154	1383087089842	312
1383087090164	1383087089852	312
1383087090174	1383087089862	312
1383087090184	1383087089872	312
1383087090194	1383087089882	312
1383087090203	1383087089891	312
1383087090214	1383087089902	312
1383087090224	1383087089912	312
1383087090233	1383087089921	312
1383087090244	1383087089932	312
1383087090254	1383087089942	312
1383087090263	1383087089952	311
1383087090274	1383087089962	312
1383087090284	1383087089972	312
1383087090294	1383087089982	312
1383087090304	1383087089992	312
1383087090314	1383087090002	312
1383087090324	1383087090012	312
1383087090333	1383087090022	311
1383087090344	1383087090031	313
1383087090354	1383087090042	312
1383087090364	1383087090052	312
1383087090374	1383087090062	312
1383087090384	1383087090072	312
1383087090394	1383087090082	312
1383087090404	1383087090092	312
